Ticker,Date,Open,High,Low,Close,Adj Close,Volume
^NYA,2012-01-03,7477.02978515625,7659.97021484375,7459.4501953125,7624.31982421875,7624.31982421875,3943710000.0
^IXIC,2012-01-03,2657.389892578125,2665.89990234375,2641.97998046875,2648.719970703125,2648.719970703125,1636850000.0
^FTSE,2012-01-03,5572.2998046875,5699.89990234375,5572.2998046875,5699.89990234375,5699.89990234375,778529200.0
^NSEI,2012-01-03,4675.7998046875,4773.10009765625,4675.7998046875,4765.2998046875,4765.2998046875,0.0
^BSESN,2012-01-03,15640.5595703125,15970.3095703125,15640.5595703125,15939.3603515625,15939.3603515625,16200.0
^N100,2012-01-03,604.7100219726562,606.5399780273438,598.6900024414062,606.4099731445312,606.4099731445312,217312600.0
^DJI,2012-01-03,12221.1904296875,12479.650390625,12221.1904296875,12397.3798828125,12397.3798828125,152560000.0
^GSPC,2012-01-03,1258.8599853515625,1284.6199951171875,1258.8599853515625,1277.06005859375,1277.06005859375,3943710000.0
GC=F,2012-01-03,1568.9000244140625,1604.300048828125,1566.0,1599.699951171875,1599.699951171875,229.0
CL=F,2012-01-03,99.6999969482422,103.18000030517578,99.6500015258789,102.95999908447266,102.95999908447266,275481.0
^NYA,2012-01-04,7624.31982421875,7624.31982421875,7559.990234375,7612.14990234375,7612.14990234375,3592580000.0
^IXIC,2012-01-04,2639.89990234375,2653.179931640625,2627.22998046875,2648.360107421875,2648.360107421875,1670530000.0
^FTSE,2012-01-04,5699.89990234375,5719.7998046875,5646.39990234375,5668.5,5668.5,696937800.0
^NSEI,2012-01-04,4774.9501953125,4782.85009765625,4728.85009765625,4749.64990234375,4749.64990234375,0.0
^BSESN,2012-01-04,15967.490234375,16004.6904296875,15822.3203125,15882.6396484375,15882.6396484375,17800.0
^N225,2012-01-04,8549.5400390625,8581.4501953125,8547.7001953125,8560.1103515625,8560.1103515625,106000000.0
000001.SS,2012-01-04,2211.9951171875,2217.52001953125,2168.64404296875,2169.389892578125,2169.389892578125,49200.0
^N100,2012-01-04,603.489990234375,605.6099853515625,597.1500244140625,598.3499755859375,598.3499755859375,204872400.0
^DJI,2012-01-04,12392.4599609375,12430.0,12337.25,12418.419921875,12418.419921875,145130000.0
^GSPC,2012-01-04,1277.030029296875,1278.72998046875,1268.0999755859375,1277.300048828125,1277.300048828125,3592580000.0
GC=F,2012-01-04,1596.5999755859375,1618.5999755859375,1594.5,1611.9000244140625,1611.9000244140625,172.0
CL=F,2012-01-04,102.98999786376952,103.73999786376952,101.87999725341795,103.22000122070312,103.22000122070312,271711.0
^NYA,2012-01-05,7612.14990234375,7613.60009765625,7512.64990234375,7599.97021484375,7599.97021484375,4315950000.0
^IXIC,2012-01-05,2642.570068359375,2673.56005859375,2631.22998046875,2669.860107421875,2669.860107421875,1836410000.0
^FTSE,2012-01-05,5668.5,5689.2998046875,5614.39990234375,5624.2998046875,5624.2998046875,794279400.0
^NSEI,2012-01-05,4749.0,4779.7998046875,4730.14990234375,4749.9501953125,4749.9501953125,0.0
^BSESN,2012-01-05,15893.0703125,15980.169921875,15809.3095703125,15857.080078125,15857.080078125,21200.0
^N225,2012-01-05,8515.66015625,8519.16015625,8481.830078125,8488.7099609375,8488.7099609375,77700000.0
000001.SS,2012-01-05,2160.89697265625,2183.404052734375,2145.555908203125,2148.451904296875,2148.451904296875,58800.0
^N100,2012-01-05,599.9000244140625,599.9000244140625,589.9000244140625,591.469970703125,591.469970703125,221760400.0
^DJI,2012-01-05,12418.419921875,12435.98046875,12283.900390625,12415.7001953125,12415.7001953125,158440000.0
^GSPC,2012-01-05,1277.300048828125,1283.050048828125,1265.260009765625,1281.06005859375,1281.06005859375,4315950000.0
GC=F,2012-01-05,1610.800048828125,1624.0999755859375,1597.800048828125,1619.4000244140625,1619.4000244140625,362.0
CL=F,2012-01-05,103.29000091552734,103.7300033569336,101.3000030517578,101.80999755859376,101.80999755859376,295615.0
^NYA,2012-01-06,7599.97021484375,7601.47998046875,7535.6201171875,7557.68017578125,7557.68017578125,3656830000.0
^IXIC,2012-01-06,2671.169921875,2682.1201171875,2658.830078125,2674.219970703125,2674.219970703125,1683090000.0
^FTSE,2012-01-06,5624.2998046875,5682.7998046875,5623.39990234375,5649.7001953125,5649.7001953125,705018100.0
^NSEI,2012-01-06,4724.14990234375,4794.89990234375,4686.85009765625,4754.10009765625,4754.10009765625,0.0
^BSESN,2012-01-06,15789.080078125,16001.3095703125,15664.91015625,15867.73046875,15867.73046875,17200.0
^N225,2012-01-06,8488.98046875,8488.98046875,8349.330078125,8390.349609375,8390.349609375,101300000.0
000001.SS,2012-01-06,2148.14697265625,2164.322021484375,2132.6259765625,2163.39501953125,2163.39501953125,50600.0
^N100,2012-01-06,592.6799926757812,597.5499877929688,588.1400146484375,590.530029296875,590.530029296875,190575000.0
^DJI,2012-01-06,12407.4501953125,12415.240234375,12332.41015625,12359.919921875,12359.919921875,131120000.0
^GSPC,2012-01-06,1280.9300537109375,1281.8399658203125,1273.3399658203125,1277.81005859375,1277.81005859375,3656830000.0
GC=F,2012-01-06,1622.5,1627.800048828125,1616.0999755859375,1616.0999755859375,1616.0999755859375,20.0
CL=F,2012-01-06,101.3499984741211,102.8000030517578,100.87999725341795,101.55999755859376,101.55999755859376,290458.0
^NYA,2012-01-09,7557.68017578125,7588.89013671875,7539.33984375,7584.66015625,7584.66015625,3371600000.0
^IXIC,2012-01-09,2682.97998046875,2683.780029296875,2662.9599609375,2676.56005859375,2676.56005859375,1768080000.0
^FTSE,2012-01-09,5649.7001953125,5673.7998046875,5604.60009765625,5612.2998046875,5612.2998046875,785646100.0
^NSEI,2012-01-09,4747.5498046875,4758.7001953125,4695.4501953125,4742.7998046875,4742.7998046875,0.0
^BSESN,2012-01-09,15840.2197265625,15871.509765625,15678.2998046875,15814.7197265625,15814.7197265625,11200.0
000001.SS,2012-01-09,2164.740966796875,2226.218017578125,2148.452880859375,2225.889892578125,2225.889892578125,76800.0
^N100,2012-01-09,592.239990234375,594.5499877929688,588.5800170898438,590.469970703125,590.469970703125,177417200.0
^DJI,2012-01-09,12359.3095703125,12409.080078125,12333.849609375,12392.6904296875,12392.6904296875,122200000.0
^GSPC,2012-01-09,1277.8299560546875,1281.989990234375,1274.550048828125,1280.699951171875,1280.699951171875,3371600000.0
GC=F,2012-01-09,1614.300048828125,1620.0999755859375,1607.5,1607.5,1607.5,8.0
CL=F,2012-01-09,101.91999816894533,102.1500015258789,100.0999984741211,101.30999755859376,101.30999755859376,311866.0
^NYA,2012-01-10,7584.66015625,7688.22021484375,7584.66015625,7668.89990234375,7668.89990234375,4221960000.0
^IXIC,2012-01-10,2704.419921875,2712.5,2694.330078125,2702.5,2702.5,1809500000.0
^FTSE,2012-01-10,5612.2998046875,5711.89990234375,5612.2998046875,5696.7001953125,5696.7001953125,865034500.0
^NSEI,2012-01-10,4771.85009765625,4855.89990234375,4768.25,4849.5498046875,4849.5498046875,0.0
^BSESN,2012-01-10,15898.3203125,16180.9697265625,15898.3203125,16165.08984375,16165.08984375,19600.0
^N225,2012-01-10,8422.990234375,8450.58984375,8405.1796875,8422.259765625,8422.259765625,112300000.0
000001.SS,2012-01-10,2221.83203125,2288.6279296875,2218.27490234375,2285.743896484375,2285.743896484375,109600.0
^N100,2012-01-10,594.6400146484375,603.8900146484375,594.6400146484375,602.2000122070312,602.2000122070312,274694400.0
^DJI,2012-01-10,12394.509765625,12514.6904296875,12394.509765625,12462.4697265625,12462.4697265625,141230000.0
^GSPC,2012-01-10,1280.77001953125,1296.4599609375,1280.77001953125,1292.0799560546875,1292.0799560546875,4221960000.0
GC=F,2012-01-10,1619.9000244140625,1638.0,1619.9000244140625,1631.0,1631.0,47.0
CL=F,2012-01-10,101.3000030517578,103.41000366210938,101.3000030517578,102.23999786376952,102.23999786376952,291273.0
^NYA,2012-01-11,7668.89990234375,7668.89990234375,7615.93994140625,7661.97998046875,7661.97998046875,3968120000.0
^IXIC,2012-01-11,2695.77001953125,2714.2900390625,2690.72998046875,2710.760009765625,2710.760009765625,1699660000.0
^FTSE,2012-01-11,5696.7001953125,5700.7998046875,5644.7998046875,5670.7998046875,5670.7998046875,893410000.0
^NSEI,2012-01-11,4863.14990234375,4877.2001953125,4841.60009765625,4860.9501953125,4860.9501953125,0.0
^BSESN,2012-01-11,16222.3701171875,16244.7001953125,16127.76953125,16175.8603515625,16175.8603515625,18600.0
^N225,2012-01-11,8440.9599609375,8463.7197265625,8426.0302734375,8447.8798828125,8447.8798828125,106200000.0
000001.SS,2012-01-11,2282.9130859375,2290.64404296875,2265.18505859375,2276.0458984375,2276.0458984375,84400.0
^N100,2012-01-11,600.969970703125,604.5999755859375,595.3400268554688,598.97998046875,598.97998046875,293017400.0
^DJI,2012-01-11,12459.51953125,12462.580078125,12399.009765625,12449.4501953125,12449.4501953125,130260000.0
^GSPC,2012-01-11,1292.02001953125,1293.800048828125,1285.4100341796875,1292.47998046875,1292.47998046875,3968120000.0
GC=F,2012-01-11,1634.800048828125,1645.4000244140625,1633.800048828125,1639.199951171875,1639.199951171875,65.0
CL=F,2012-01-11,102.1999969482422,102.45999908447266,100.5500030517578,100.87000274658205,100.87000274658205,311641.0
^NYA,2012-01-12,7661.97998046875,7691.10009765625,7622.52978515625,7681.259765625,7681.259765625,4019890000.0
^IXIC,2012-01-12,2716.8701171875,2726.429931640625,2697.320068359375,2724.699951171875,2724.699951171875,1669550000.0
^FTSE,2012-01-12,5670.7998046875,5699.60009765625,5640.2998046875,5662.39990234375,5662.39990234375,1382096100.0
^NSEI,2012-01-12,4840.9501953125,4869.2001953125,4803.89990234375,4831.25,4831.25,0.0
^BSESN,2012-01-12,16117.1904296875,16178.580078125,15962.58984375,16037.509765625,16037.509765625,14400.0
^N225,2012-01-12,8423.099609375,8426.830078125,8360.330078125,8385.58984375,8385.58984375,84800000.0
000001.SS,2012-01-12,2268.739013671875,2295.22412109375,2265.256103515625,2275.010009765625,2275.010009765625,71600.0
^N100,2012-01-12,599.3900146484375,605.8099975585938,596.6199951171875,598.239990234375,598.239990234375,315763000.0
^DJI,2012-01-12,12449.91015625,12483.7001953125,12385.080078125,12471.01953125,12471.01953125,128230000.0
^GSPC,2012-01-12,1292.47998046875,1296.8199462890625,1285.77001953125,1295.5,1295.5,4019890000.0
GC=F,2012-01-12,1645.199951171875,1656.0999755859375,1645.199951171875,1647.300048828125,1647.300048828125,84.0
CL=F,2012-01-12,101.0,102.9800033569336,98.5,99.0999984741211,99.0999984741211,370509.0
^NYA,2012-01-13,7681.259765625,7681.259765625,7555.10009765625,7632.02978515625,7632.02978515625,3692370000.0
^IXIC,2012-01-13,2707.409912109375,2712.929931640625,2689.580078125,2710.669921875,2710.669921875,1655960000.0
^FTSE,2012-01-13,5662.39990234375,5709.2001953125,5583.5,5636.60009765625,5636.60009765625,1318584400.0
^NSEI,2012-01-13,4861.9501953125,4898.85009765625,4834.2001953125,4866.0,4866.0,0.0
^BSESN,2012-01-13,16144.5703125,16257.33984375,16049.7802734375,16154.6201171875,16154.6201171875,19600.0
^N225,2012-01-13,8471.099609375,8509.759765625,8458.6796875,8500.01953125,8500.01953125,109800000.0
000001.SS,2012-01-13,2277.080078125,2281.531982421875,2225.736083984375,2244.580078125,2244.580078125,71400.0
^N100,2012-01-13,602.4299926757812,603.760009765625,589.719970703125,596.5599975585938,596.5599975585938,292470400.0
^DJI,2012-01-13,12469.9599609375,12470.1201171875,12311.7900390625,12422.0595703125,12422.0595703125,161470000.0
^GSPC,2012-01-13,1294.8199462890625,1294.8199462890625,1277.5799560546875,1289.0899658203125,1289.0899658203125,3692370000.0
GC=F,2012-01-13,1638.9000244140625,1643.4000244140625,1630.4000244140625,1630.4000244140625,1630.4000244140625,368.0
CL=F,2012-01-13,99.1999969482422,100.19000244140624,97.6999969482422,98.6999969482422,98.6999969482422,335624.0
^FTSE,2012-01-16,5636.60009765625,5662.89990234375,5609.89990234375,5657.39990234375,5657.39990234375,672822900.0
^NSEI,2012-01-16,4844.0,4880.7998046875,4827.0498046875,4873.89990234375,4873.89990234375,0.0
^BSESN,2012-01-16,16086.740234375,16214.3603515625,16037.599609375,16189.3603515625,16189.3603515625,13400.0
^N225,2012-01-16,8409.7900390625,8409.7900390625,8352.23046875,8378.3603515625,8378.3603515625,76500000.0
000001.SS,2012-01-16,2230.43310546875,2241.259033203125,2206.044921875,2206.193115234375,2206.193115234375,45800.0
^N100,2012-01-16,592.97998046875,602.47998046875,591.4500122070312,601.5700073242188,601.5700073242188,180744200.0
^NYA,2012-01-17,7632.02978515625,7723.47998046875,7632.02978515625,7670.47021484375,7670.47021484375,4010490000.0
^IXIC,2012-01-17,2736.340087890625,2742.72998046875,2721.030029296875,2728.080078125,2728.080078125,1664210000.0
^FTSE,2012-01-17,5657.39990234375,5724.39990234375,5657.39990234375,5694.0,5694.0,1232187300.0
^NSEI,2012-01-17,4904.5,4975.5498046875,4904.0,4967.2998046875,4967.2998046875,0.0
^BSESN,2012-01-17,16270.8701171875,16501.380859375,16270.8701171875,16466.05078125,16466.05078125,18800.0
^N225,2012-01-17,8420.1201171875,8475.66015625,8413.2197265625,8466.400390625,8466.400390625,85500000.0
000001.SS,2012-01-17,2206.531005859375,2298.375,2196.115966796875,2298.375,2298.375,87800.0
^N100,2012-01-17,607.3599853515625,612.510009765625,604.530029296875,608.4600219726562,608.4600219726562,277953200.0
^DJI,2012-01-17,12423.1201171875,12573.650390625,12423.1201171875,12482.0703125,12482.0703125,148670000.0
^GSPC,2012-01-17,1290.219970703125,1303.0,1290.219970703125,1293.6700439453125,1293.6700439453125,4010490000.0
GC=F,2012-01-17,1643.699951171875,1657.800048828125,1642.0999755859375,1655.199951171875,1655.199951171875,16.0
CL=F,2012-01-17,98.9499969482422,101.01000213623048,98.5999984741211,100.70999908447266,100.70999908447266,341887.0
^NYA,2012-01-18,7670.47021484375,7766.9501953125,7662.4501953125,7766.9501953125,7766.9501953125,4096160000.0
^IXIC,2012-01-18,2731.159912109375,2769.7099609375,2730.050048828125,2769.7099609375,2769.7099609375,1968940000.0
^FTSE,2012-01-18,5694.0,5709.89990234375,5647.89990234375,5702.39990234375,5702.39990234375,792321000.0
^NSEI,2012-01-18,4977.75,4980.64990234375,4931.0498046875,4955.7998046875,4955.7998046875,0.0
^BSESN,2012-01-18,16502.419921875,16517.9609375,16384.48046875,16451.470703125,16451.470703125,16200.0
^N225,2012-01-18,8458.2900390625,8595.7802734375,8446.08984375,8550.580078125,8550.580078125,136200000.0
000001.SS,2012-01-18,2298.8330078125,2311.5791015625,2257.89794921875,2266.384033203125,2266.384033203125,90000.0
^N100,2012-01-18,609.010009765625,613.1699829101562,602.8400268554688,608.010009765625,608.010009765625,300389400.0
^DJI,2012-01-18,12474.6904296875,12582.2802734375,12453.2001953125,12578.9501953125,12578.9501953125,154170000.0
^GSPC,2012-01-18,1293.6500244140625,1308.1099853515625,1290.989990234375,1308.0400390625,1308.0400390625,4096160000.0
GC=F,2012-01-18,1654.0,1660.300048828125,1654.0,1659.5,1659.5,11.0
CL=F,2012-01-18,100.91000366210938,102.05999755859376,99.83999633789062,100.58999633789062,100.58999633789062,269387.0
^NYA,2012-01-19,7766.9501953125,7824.06982421875,7766.9501953125,7819.35986328125,7819.35986328125,4465890000.0
^IXIC,2012-01-19,2779.739990234375,2793.35009765625,2777.169921875,2788.330078125,2788.330078125,1959950000.0
^FTSE,2012-01-19,5702.39990234375,5743.89990234375,5693.2001953125,5741.2001953125,5741.2001953125,1404271200.0
^NSEI,2012-01-19,4995.0,5023.7998046875,4991.39990234375,5018.39990234375,5018.39990234375,0.0
^BSESN,2012-01-19,16573.869140625,16662.060546875,16572.099609375,16643.740234375,16643.740234375,16800.0
^N225,2012-01-19,8596.6796875,8668.9404296875,8596.6796875,8639.6796875,8639.6796875,125100000.0
000001.SS,2012-01-19,2266.075927734375,2305.70703125,2259.3369140625,2296.074951171875,2296.074951171875,72400.0
^N100,2012-01-19,611.1500244140625,617.4500122070312,608.77001953125,617.4500122070312,617.4500122070312,406919000.0
^DJI,2012-01-19,12578.1904296875,12625.7998046875,12563.580078125,12623.98046875,12623.98046875,148030000.0
^GSPC,2012-01-19,1308.0699462890625,1315.489990234375,1308.0699462890625,1314.5,1314.5,4465890000.0
GC=F,2012-01-19,1663.0,1664.4000244140625,1653.5,1654.0999755859375,1654.0999755859375,58.0
CL=F,2012-01-19,101.13999938964844,102.05999755859376,99.9800033569336,100.38999938964844,100.38999938964844,120170.0
^NYA,2012-01-20,7819.3701171875,7829.3701171875,7793.009765625,7829.33984375,7829.33984375,3912620000.0
^IXIC,2012-01-20,2776.0400390625,2787.199951171875,2775.8701171875,2786.699951171875,2786.699951171875,1949660000.0
^FTSE,2012-01-20,5741.2001953125,5749.7998046875,5721.60009765625,5728.60009765625,5728.60009765625,1315166200.0
^NSEI,2012-01-20,5044.85009765625,5064.14990234375,5004.2998046875,5048.60009765625,5048.60009765625,0.0
^BSESN,2012-01-20,16745.009765625,16788.48046875,16611.7109375,16739.009765625,16739.009765625,18000.0
^N225,2012-01-20,8751.1796875,8791.3896484375,8725.3203125,8766.3603515625,8766.3603515625,177500000.0
000001.SS,2012-01-20,2300.5,2322.89111328125,2293.89306640625,2319.117919921875,2319.117919921875,70000.0
^N100,2012-01-20,618.22998046875,618.7100219726562,613.719970703125,616.3499755859375,616.3499755859375,332232600.0
^DJI,2012-01-20,12623.830078125,12720.48046875,12620.759765625,12720.48046875,12720.48046875,255110000.0
^GSPC,2012-01-20,1314.489990234375,1315.3800048828125,1309.1700439453125,1315.3800048828125,1315.3800048828125,3912620000.0
GC=F,2012-01-20,1652.800048828125,1664.300048828125,1652.800048828125,1663.699951171875,1663.699951171875,8.0
CL=F,2012-01-20,100.38999938964844,100.73999786376952,97.91000366210938,98.45999908447266,98.45999908447266,304986.0
^NYA,2012-01-23,7829.330078125,7885.56982421875,7819.509765625,7855.52001953125,7855.52001953125,3770910000.0
^IXIC,2012-01-23,2786.2099609375,2804.989990234375,2769.820068359375,2784.169921875,2784.169921875,1652940000.0
^FTSE,2012-01-23,5728.60009765625,5789.89990234375,5723.10009765625,5782.60009765625,5782.60009765625,852459600.0
^NSEI,2012-01-23,5025.35009765625,5059.5498046875,5021.35009765625,5046.25,5046.25,0.0
^BSESN,2012-01-23,16667.01953125,16784.0,16659.3203125,16751.73046875,16751.73046875,15000.0
^N225,2012-01-23,8753.91015625,8795.26953125,8744.5400390625,8765.900390625,8765.900390625,119900000.0
^N100,2012-01-23,616.6500244140625,621.030029296875,615.0900268554688,619.260009765625,619.260009765625,272211800.0
^DJI,2012-01-23,12720.25,12764.490234375,12665.830078125,12708.8203125,12708.8203125,149860000.0
^GSPC,2012-01-23,1315.2900390625,1322.280029296875,1309.8900146484375,1316.0,1316.0,3770910000.0
GC=F,2012-01-23,1676.9000244140625,1680.0,1669.9000244140625,1678.0,1678.0,10.0
CL=F,2012-01-23,98.33999633789062,100.23999786376952,97.4000015258789,99.58000183105467,99.58000183105467,238960.0
^NYA,2012-01-24,7843.93994140625,7843.93994140625,7778.68994140625,7840.64990234375,7840.64990234375,3693560000.0
^IXIC,2012-01-24,2771.580078125,2788.3798828125,2766.340087890625,2786.639892578125,2786.639892578125,1620690000.0
^FTSE,2012-01-24,5782.60009765625,5782.60009765625,5719.89990234375,5751.89990234375,5751.89990234375,916105000.0
^NSEI,2012-01-24,5064.7998046875,5141.0498046875,5049.7998046875,5127.35009765625,5127.35009765625,0.0
^BSESN,2012-01-24,16806.720703125,17050.3203125,16770.009765625,16995.76953125,16995.76953125,18200.0
^N225,2012-01-24,8815.3603515625,8825.08984375,8768.509765625,8785.330078125,8785.330078125,111000000.0
^N100,2012-01-24,614.9400024414062,616.4099731445312,612.0599975585938,616.4099731445312,616.4099731445312,279926200.0
^DJI,2012-01-24,12708.3701171875,12708.51953125,12613.5400390625,12675.75,12675.75,125420000.0
^GSPC,2012-01-24,1315.9599609375,1315.9599609375,1306.06005859375,1314.6500244140625,1314.6500244140625,3693560000.0
GC=F,2012-01-24,1666.9000244140625,1668.199951171875,1664.199951171875,1664.199951171875,1664.199951171875,5.0
CL=F,2012-01-24,99.87999725341795,100.18000030517578,98.25,98.9499969482422,98.9499969482422,242477.0
^NYA,2012-01-25,7829.22021484375,7926.330078125,7765.0400390625,7914.81005859375,7914.81005859375,4410910000.0
^IXIC,2012-01-25,2803.22998046875,2822.7900390625,2788.949951171875,2818.31005859375,2818.31005859375,1918040000.0
^FTSE,2012-01-25,5751.89990234375,5777.7001953125,5694.10009765625,5723.0,5723.0,884691100.0
^NSEI,2012-01-25,5151.5,5174.14990234375,5130.25,5158.2998046875,5158.2998046875,0.0
^BSESN,2012-01-25,17068.849609375,17130.240234375,17016.689453125,17077.1796875,17077.1796875,14000.0
^N225,2012-01-25,8842.009765625,8911.6201171875,8816.08984375,8883.6904296875,8883.6904296875,132500000.0
^N100,2012-01-25,619.0800170898438,619.5599975585938,611.1400146484375,614.9000244140625,614.9000244140625,278604800.0
^DJI,2012-01-25,12673.6298828125,12778.259765625,12580.1201171875,12758.849609375,12758.849609375,135430000.0
^GSPC,2012-01-25,1314.4000244140625,1328.300048828125,1307.6500244140625,1326.06005859375,1326.06005859375,4410910000.0
GC=F,2012-01-25,1673.0,1706.199951171875,1672.0,1699.800048828125,1699.800048828125,239.0
CL=F,2012-01-25,99.1999969482422,100.4000015258789,97.52999877929688,99.4000015258789,99.4000015258789,322794.0
^NYA,2012-01-26,7829.740234375,7929.759765625,7822.72998046875,7883.89990234375,7883.89990234375,4522070000.0
^IXIC,2012-01-26,2828.780029296875,2834.300048828125,2794.780029296875,2805.280029296875,2805.280029296875,1998970000.0
^FTSE,2012-01-26,5723.0,5806.2001953125,5722.7998046875,5795.2001953125,5795.2001953125,874328700.0
^N225,2012-01-26,8890.490234375,8894.599609375,8834.9296875,8849.4697265625,8849.4697265625,122200000.0
^N100,2012-01-26,618.5499877929688,624.489990234375,616.4600219726562,623.77001953125,623.77001953125,330845400.0
^DJI,2012-01-26,12756.9599609375,12841.9501953125,12695.16015625,12734.6298828125,12734.6298828125,130840000.0
^GSPC,2012-01-26,1326.280029296875,1333.469970703125,1313.5999755859375,1318.4300537109375,1318.4300537109375,4522070000.0
GC=F,2012-01-26,1729.0,1729.0,1721.0,1726.300048828125,1726.300048828125,16.0
CL=F,2012-01-26,99.95999908447266,101.38999938964844,99.2300033569336,99.6999969482422,99.6999969482422,260744.0
^NYA,2012-01-27,7883.89990234375,7897.330078125,7850.080078125,7876.60986328125,7876.60986328125,4007380000.0
^IXIC,2012-01-27,2797.659912109375,2821.550048828125,2797.239990234375,2816.550048828125,2816.550048828125,1707350000.0
^FTSE,2012-01-27,5795.2001953125,5795.2001953125,5729.0,5733.5,5733.5,790045200.0
^NSEI,2012-01-27,5216.75,5217.0,5162.39990234375,5204.7001953125,5204.7001953125,0.0
^BSESN,2012-01-27,17201.330078125,17258.970703125,17106.5703125,17233.98046875,17233.98046875,17200.0
^N225,2012-01-27,8851.01953125,8886.01953125,8810.8896484375,8841.2197265625,8841.2197265625,133100000.0
^N100,2012-01-27,620.6599731445312,624.5900268554688,616.8599853515625,616.8599853515625,616.8599853515625,250620600.0
^DJI,2012-01-27,12733.9501953125,12733.9501953125,12630.7197265625,12660.4599609375,12660.4599609375,164410000.0
^GSPC,2012-01-27,1318.25,1320.06005859375,1311.719970703125,1316.3299560546875,1316.3299560546875,4007380000.0
GC=F,2012-01-27,1727.0,1734.0999755859375,1727.0,1731.800048828125,1731.800048828125,175023.0
CL=F,2012-01-27,99.93000030517578,100.62999725341795,99.12999725341795,99.55999755859376,99.55999755859376,253456.0
^NYA,2012-01-30,7876.60986328125,7876.60986328125,7766.02001953125,7834.39990234375,7834.39990234375,3659010000.0
^IXIC,2012-01-30,2790.39990234375,2816.85009765625,2782.43994140625,2811.93994140625,2811.93994140625,1668970000.0
^FTSE,2012-01-30,5733.5,5733.5,5651.60009765625,5671.10009765625,5671.10009765625,778100000.0
^NSEI,2012-01-30,5163.5498046875,5166.14990234375,5076.7001953125,5087.2998046875,5087.2998046875,0.0
^BSESN,2012-01-30,17138.0390625,17138.0390625,16828.330078125,16863.30078125,16863.30078125,14400.0
^N225,2012-01-30,8803.7900390625,8832.48046875,8774.23046875,8793.0498046875,8793.0498046875,98100000.0
000001.SS,2012-01-30,2324.492919921875,2324.492919921875,2284.291015625,2285.0380859375,2285.0380859375,58400.0
^N100,2012-01-30,612.5,613.969970703125,607.27001953125,607.9000244140625,607.9000244140625,242907200.0
^DJI,2012-01-30,12659.169921875,12659.3203125,12529.41015625,12653.7197265625,12653.7197265625,130430000.0
^GSPC,2012-01-30,1316.1600341796875,1316.1600341796875,1300.489990234375,1313.010009765625,1313.010009765625,3659010000.0
GC=F,2012-01-30,1737.199951171875,1739.9000244140625,1715.699951171875,1731.0,1731.0,53427.0
CL=F,2012-01-30,100.0,100.0500030517578,98.43000030517578,98.77999877929688,98.77999877929688,215829.0
^NYA,2012-01-31,7834.41015625,7894.93994140625,7801.27001953125,7838.47998046875,7838.47998046875,4235550000.0
^IXIC,2012-01-31,2825.760009765625,2830.449951171875,2798.77001953125,2813.840087890625,2813.840087890625,1786550000.0
^FTSE,2012-01-31,5671.10009765625,5730.2998046875,5671.10009765625,5681.60009765625,5681.60009765625,1018319100.0
^NSEI,2012-01-31,5125.25,5215.39990234375,5120.14990234375,5199.25,5199.25,0.0
^BSESN,2012-01-31,16965.580078125,17238.990234375,16965.580078125,17193.55078125,17193.55078125,18600.0
^N225,2012-01-31,8781.4404296875,8836.6796875,8776.650390625,8802.509765625,8802.509765625,138100000.0
000001.SS,2012-01-31,2285.9541015625,2296.385009765625,2277.055908203125,2292.610107421875,2292.610107421875,48800.0
^N100,2012-01-31,612.6900024414062,617.2899780273438,612.0499877929688,613.75,613.75,258437400.0
^DJI,2012-01-31,12654.7802734375,12720.099609375,12567.330078125,12632.91015625,12632.91015625,168070000.0
^GSPC,2012-01-31,1313.530029296875,1321.4100341796875,1306.68994140625,1312.4100341796875,1312.4100341796875,4235550000.0
GC=F,2012-01-31,1731.699951171875,1747.699951171875,1725.0,1737.800048828125,1737.800048828125,7540.0
CL=F,2012-01-31,98.87999725341795,101.29000091552734,97.86000061035156,98.4800033569336,98.4800033569336,373891.0
^NYA,2012-02-01,7838.47998046875,7968.06982421875,7838.47998046875,7931.43017578125,7931.43017578125,4504360000.0
^IXIC,2012-02-01,2830.10009765625,2855.72998046875,2825.18994140625,2848.27001953125,2848.27001953125,2125720000.0
^FTSE,2012-02-01,5681.60009765625,5790.7001953125,5680.7001953125,5790.7001953125,5790.7001953125,985247100.0
^NSEI,2012-02-01,5198.14990234375,5244.60009765625,5159.0,5235.7001953125,5235.7001953125,0.0
^BSESN,2012-02-01,17179.640625,17327.2109375,17061.55078125,17300.580078125,17300.580078125,47400.0
^N225,2012-02-01,8789.0595703125,8830.2802734375,8780.099609375,8809.7900390625,8809.7900390625,127200000.0
000001.SS,2012-02-01,2288.06591796875,2305.863037109375,2263.342041015625,2268.080078125,2268.080078125,53600.0
^N100,2012-02-01,617.1699829101562,626.52001953125,617.1699829101562,626.3900146484375,626.3900146484375,319006600.0
^DJI,2012-02-01,12632.759765625,12784.6201171875,12632.759765625,12716.4599609375,12716.4599609375,143500000.0
^GSPC,2012-02-01,1312.449951171875,1330.52001953125,1312.449951171875,1324.0899658203125,1324.0899658203125,4504360000.0
GC=F,2012-02-01,1738.199951171875,1751.0999755859375,1734.0,1747.0999755859375,1747.0999755859375,2027.0
CL=F,2012-02-01,98.37999725341795,99.48999786376952,97.11000061035156,97.61000061035156,97.61000061035156,293554.0
^NYA,2012-02-02,7931.4501953125,7967.75,7920.41015625,7945.43017578125,7945.43017578125,4120920000.0
^IXIC,2012-02-02,2854.10009765625,2868.22998046875,2849.39990234375,2859.679931640625,2859.679931640625,1913430000.0
^FTSE,2012-02-02,5790.7001953125,5809.7998046875,5765.7001953125,5796.10009765625,5796.10009765625,967388600.0
^NSEI,2012-02-02,5272.10009765625,5289.9501953125,5225.75,5269.89990234375,5269.89990234375,0.0
^BSESN,2012-02-02,17438.0703125,17504.25,17308.279296875,17431.849609375,17431.849609375,27000.0
^N225,2012-02-02,8865.2802734375,8893.2197265625,8849.25,8876.8203125,8876.8203125,157800000.0
000001.SS,2012-02-02,2273.85009765625,2312.555908203125,2268.68701171875,2312.555908203125,2312.555908203125,63400.0
^N100,2012-02-02,629.1099853515625,630.1099853515625,624.0700073242188,627.280029296875,627.280029296875,287316200.0
^DJI,2012-02-02,12716.5400390625,12741.8896484375,12676.0498046875,12705.41015625,12705.41015625,114360000.0
^GSPC,2012-02-02,1324.239990234375,1329.18994140625,1321.5699462890625,1325.5400390625,1325.5400390625,4120920000.0
GC=F,2012-02-02,1745.0999755859375,1761.0999755859375,1742.9000244140625,1756.800048828125,1756.800048828125,2062.0
CL=F,2012-02-02,97.11000061035156,97.98999786376952,95.44000244140624,96.36000061035156,96.36000061035156,331240.0
^NYA,2012-02-03,7945.43017578125,8061.919921875,7945.43017578125,8060.43017578125,8060.43017578125,4608550000.0
^IXIC,2012-02-03,2888.949951171875,2908.1298828125,2885.840087890625,2905.659912109375,2905.659912109375,2152890000.0
^FTSE,2012-02-03,5796.10009765625,5901.10009765625,5784.2001953125,5901.10009765625,5901.10009765625,1156774200.0
^NSEI,2012-02-03,5276.10009765625,5334.85009765625,5255.5498046875,5325.85009765625,5325.85009765625,0.0
^BSESN,2012-02-03,17444.25,17630.529296875,17382.69921875,17604.9609375,17604.9609375,16600.0
^N225,2012-02-03,8849.169921875,8877.5703125,8825.98046875,8831.9296875,8831.9296875,157500000.0
000001.SS,2012-02-03,2306.656005859375,2336.26708984375,2300.98193359375,2330.405029296875,2330.405029296875,79000.0
^N100,2012-02-03,626.3200073242188,636.7899780273438,624.280029296875,636.7899780273438,636.7899780273438,301103600.0
^DJI,2012-02-03,12705.0400390625,12869.9501953125,12704.9599609375,12862.23046875,12862.23046875,142840000.0
^GSPC,2012-02-03,1326.2099609375,1345.3399658203125,1326.2099609375,1344.9000244140625,1344.9000244140625,4608550000.0
GC=F,2012-02-03,1758.699951171875,1761.300048828125,1724.5,1737.9000244140625,1737.9000244140625,543.0
CL=F,2012-02-03,96.61000061035156,98.02999877929688,96.01000213623048,97.83999633789062,97.83999633789062,318638.0
^NYA,2012-02-06,8060.43017578125,8060.43017578125,8007.9501953125,8048.0400390625,8048.0400390625,3379700000.0
^IXIC,2012-02-06,2892.52001953125,2903.030029296875,2887.330078125,2901.989990234375,2901.989990234375,1684490000.0
^FTSE,2012-02-06,5901.10009765625,5901.10009765625,5863.60009765625,5892.2001953125,5892.2001953125,828464600.0
^NSEI,2012-02-06,5379.4501953125,5390.0498046875,5327.25,5361.64990234375,5361.64990234375,0.0
^BSESN,2012-02-06,17741.91015625,17829.720703125,17595.099609375,17707.310546875,17707.310546875,17600.0
^N225,2012-02-06,8939.990234375,8949.3203125,8916.9404296875,8929.2001953125,8929.2001953125,143200000.0
000001.SS,2012-02-06,2334.248046875,2341.574951171875,2317.422119140625,2331.135986328125,2331.135986328125,75800.0
^N100,2012-02-06,634.0900268554688,634.2999877929688,629.97998046875,633.5499877929688,633.5499877929688,215424800.0
^DJI,2012-02-06,12860.7197265625,12860.7900390625,12793.4296875,12845.1298828125,12845.1298828125,108040000.0
^GSPC,2012-02-06,1344.3199462890625,1344.3599853515625,1337.52001953125,1344.3299560546875,1344.3299560546875,3379700000.0
GC=F,2012-02-06,1728.0,1738.300048828125,1713.300048828125,1722.800048828125,1722.800048828125,726.0
CL=F,2012-02-06,97.73999786376952,97.75,96.37999725341795,96.91000366210938,96.91000366210938,257715.0
^NYA,2012-02-07,8048.02978515625,8081.56005859375,7997.990234375,8069.7001953125,8069.7001953125,3742460000.0
^IXIC,2012-02-07,2895.909912109375,2910.27001953125,2885.169921875,2904.080078125,2904.080078125,1784580000.0
^FTSE,2012-02-07,5892.2001953125,5906.7001953125,5850.5,5890.2998046875,5890.2998046875,785340700.0
^NSEI,2012-02-07,5412.9501953125,5413.35009765625,5322.9501953125,5335.14990234375,5335.14990234375,0.0
^BSESN,2012-02-07,17813.740234375,17832.0390625,17582.490234375,17622.44921875,17622.44921875,16800.0
^N225,2012-02-07,8904.16015625,8928.4404296875,8887.1904296875,8917.51953125,8917.51953125,129200000.0
000001.SS,2012-02-07,2319.4208984375,2319.7080078125,2278.824951171875,2291.902099609375,2291.902099609375,67400.0
^N100,2012-02-07,634.4099731445312,635.3599853515625,628.8599853515625,633.5999755859375,633.5999755859375,213090200.0
^DJI,2012-02-07,12844.3701171875,12903.7099609375,12782.5703125,12878.2001953125,12878.2001953125,116150000.0
^GSPC,2012-02-07,1344.3299560546875,1349.239990234375,1335.9200439453125,1347.050048828125,1347.050048828125,3742460000.0
GC=F,2012-02-07,1722.0,1748.0,1713.199951171875,1746.4000244140625,1746.4000244140625,272.0
CL=F,2012-02-07,97.12999725341795,99.12999725341795,95.83999633789062,98.41000366210938,98.41000366210938,415728.0
^NYA,2012-02-08,8069.7099609375,8100.22998046875,8038.02978515625,8082.97998046875,8082.97998046875,4096730000.0
^IXIC,2012-02-08,2906.590087890625,2918.260009765625,2892.7099609375,2915.860107421875,2915.860107421875,1981150000.0
^FTSE,2012-02-08,5890.2998046875,5916.2001953125,5871.2998046875,5875.89990234375,5875.89990234375,809267800.0
^NSEI,2012-02-08,5343.7998046875,5396.89990234375,5325.2001953125,5368.14990234375,5368.14990234375,0.0
^BSESN,2012-02-08,17631.689453125,17809.2109375,17579.58984375,17707.3203125,17707.3203125,20800.0
^N225,2012-02-08,8971.8798828125,9015.58984375,8956.7802734375,9015.58984375,9015.58984375,157400000.0
000001.SS,2012-02-08,2291.81201171875,2350.965087890625,2286.819091796875,2347.530029296875,2347.530029296875,87200.0
^N100,2012-02-08,635.9400024414062,637.52001953125,632.72998046875,632.72998046875,632.72998046875,268851600.0
^DJI,2012-02-08,12865.7900390625,12893.6396484375,12817.6904296875,12883.9501953125,12883.9501953125,138250000.0
^GSPC,2012-02-08,1347.0400390625,1351.0,1341.949951171875,1349.9599609375,1349.9599609375,4096730000.0
GC=F,2012-02-08,1744.0,1751.5,1728.199951171875,1729.300048828125,1729.300048828125,955.0
CL=F,2012-02-08,98.7699966430664,100.08999633789062,98.0999984741211,98.70999908447266,98.70999908447266,364737.0
^NYA,2012-02-09,8082.97998046875,8107.240234375,8045.5498046875,8081.25,8081.25,4209890000.0
^IXIC,2012-02-09,2922.4599609375,2930.679931640625,2904.510009765625,2927.22998046875,2927.22998046875,2153090000.0
^FTSE,2012-02-09,5875.89990234375,5916.2998046875,5870.60009765625,5895.5,5895.5,973462200.0
^NSEI,2012-02-09,5343.0498046875,5423.39990234375,5338.89990234375,5412.35009765625,5412.35009765625,0.0
^BSESN,2012-02-09,17647.80078125,17879.4609375,17609.4296875,17830.75,17830.75,21400.0
^N225,2012-02-09,8996.1298828125,9018.490234375,8942.8701171875,9002.240234375,9002.240234375,178300000.0
000001.SS,2012-02-09,2344.22412109375,2363.613037109375,2333.93505859375,2349.589111328125,2349.589111328125,98000.0
^N100,2012-02-09,634.1900024414062,637.75,632.1099853515625,633.8499755859375,633.8499755859375,319795400.0
^DJI,2012-02-09,12884.41015625,12924.7099609375,12846.41015625,12890.4599609375,12890.4599609375,157080000.0
^GSPC,2012-02-09,1349.969970703125,1354.3199462890625,1344.6300048828125,1351.949951171875,1351.949951171875,4209890000.0
GC=F,2012-02-09,1731.4000244140625,1749.699951171875,1726.0999755859375,1739.0,1739.0,119.0
CL=F,2012-02-09,99.0999984741211,100.18000030517578,98.66000366210938,99.83999633789062,99.83999633789062,295425.0
^NYA,2012-02-10,8081.25,8081.25,7964.39013671875,7992.0498046875,7992.0498046875,3877580000.0
^IXIC,2012-02-10,2902.0,2910.97998046875,2895.10009765625,2903.8798828125,2903.8798828125,1787640000.0
^FTSE,2012-02-10,5895.5,5895.5,5839.89990234375,5852.39990234375,5852.39990234375,948790300.0
^NSEI,2012-02-10,5399.7998046875,5427.75,5341.0498046875,5381.60009765625,5381.60009765625,0.0
^BSESN,2012-02-10,17817.58984375,17890.109375,17627.140625,17748.689453125,17748.689453125,19600.0
^N225,2012-02-10,9010.5302734375,9016.9697265625,8947.169921875,8947.169921875,8947.169921875,154000000.0
000001.SS,2012-02-10,2342.010986328125,2368.97900390625,2339.885009765625,2351.98095703125,2351.98095703125,96600.0
^N100,2012-02-10,628.9099731445312,631.030029296875,624.760009765625,625.9000244140625,625.9000244140625,382466000.0
^DJI,2012-02-10,12889.5498046875,12889.6298828125,12743.5595703125,12801.23046875,12801.23046875,123620000.0
^GSPC,2012-02-10,1351.2099609375,1351.2099609375,1337.3499755859375,1342.6400146484375,1342.6400146484375,3877580000.0
GC=F,2012-02-10,1732.699951171875,1734.4000244140625,1706.4000244140625,1723.300048828125,1723.300048828125,248.0
CL=F,2012-02-10,99.88999938964844,99.88999938964844,97.31999969482422,98.66999816894533,98.66999816894533,307564.0
^NYA,2012-02-13,7992.02978515625,8065.43994140625,7992.02978515625,8056.22998046875,8056.22998046875,3618040000.0
^IXIC,2012-02-13,2926.2099609375,2933.929931640625,2913.889892578125,2931.389892578125,2931.389892578125,1619980000.0
^FTSE,2012-02-13,5852.39990234375,5920.10009765625,5852.39990234375,5905.7001953125,5905.7001953125,641643100.0
^NSEI,2012-02-13,5382.10009765625,5421.0498046875,5351.39990234375,5390.2001953125,5390.2001953125,0.0
^BSESN,2012-02-13,17761.69921875,17849.640625,17665.890625,17772.83984375,17772.83984375,16800.0
^N225,2012-02-13,8954.0302734375,9023.5,8948.5400390625,8999.1796875,8999.1796875,126800000.0
000001.SS,2012-02-13,2332.054931640625,2365.339111328125,2325.028076171875,2351.85400390625,2351.85400390625,86200.0
^N100,2012-02-13,631.510009765625,632.77001953125,627.22998046875,629.5800170898438,629.5800170898438,235411800.0
^DJI,2012-02-13,12799.1103515625,12887.9296875,12799.1103515625,12874.0400390625,12874.0400390625,112240000.0
^GSPC,2012-02-13,1343.06005859375,1353.3499755859375,1343.06005859375,1351.77001953125,1351.77001953125,3618040000.0
GC=F,2012-02-13,1725.0,1733.0,1718.4000244140625,1723.0,1723.0,104.0
CL=F,2012-02-13,99.33000183105467,101.0,99.08999633789062,100.91000366210938,100.91000366210938,268062.0
^NYA,2012-02-14,8056.22998046875,8056.22998046875,7974.25,8029.60986328125,8029.60986328125,3889520000.0
^IXIC,2012-02-14,2921.699951171875,2932.080078125,2911.60009765625,2931.830078125,2931.830078125,1881630000.0
^FTSE,2012-02-14,5905.7001953125,5920.60009765625,5877.2001953125,5899.89990234375,5899.89990234375,832567200.0
^NSEI,2012-02-14,5380.7998046875,5428.0498046875,5377.9501953125,5416.0498046875,5416.0498046875,0.0
^BSESN,2012-02-14,17767.4609375,17890.330078125,17742.580078125,17848.5703125,17848.5703125,17400.0
^N225,2012-02-14,8978.7197265625,9072.080078125,8972.740234375,9052.0703125,9052.0703125,141700000.0
000001.SS,2012-02-14,2348.876953125,2352.468994140625,2332.2470703125,2344.77099609375,2344.77099609375,73200.0
^N100,2012-02-14,627.6500244140625,633.1900024414062,626.6900024414062,628.9600219726562,628.9600219726562,254151600.0
^DJI,2012-02-14,12871.76953125,12878.8798828125,12786.9296875,12878.2802734375,12878.2802734375,120050000.0
^GSPC,2012-02-14,1351.300048828125,1351.300048828125,1340.8299560546875,1350.5,1350.5,3889520000.0
GC=F,2012-02-14,1720.0,1724.9000244140625,1715.0,1715.9000244140625,1715.9000244140625,94.0
CL=F,2012-02-14,100.7300033569336,101.83999633789062,100.27999877929688,100.73999786376952,100.73999786376952,314286.0
^NYA,2012-02-15,8029.6201171875,8059.259765625,7982.8798828125,7998.64990234375,7998.64990234375,4080340000.0
^IXIC,2012-02-15,2943.419921875,2958.18994140625,2911.330078125,2915.830078125,2915.830078125,2038980000.0
^FTSE,2012-02-15,5899.89990234375,5923.7998046875,5880.60009765625,5892.2001953125,5892.2001953125,801550200.0
^NSEI,2012-02-15,5460.60009765625,5542.10009765625,5460.60009765625,5531.9501953125,5531.9501953125,0.0
^BSESN,2012-02-15,18000.30078125,18231.349609375,18000.30078125,18202.41015625,18202.41015625,25600.0
^N225,2012-02-15,9108.83984375,9314.3701171875,9107.6796875,9260.33984375,9260.33984375,208100000.0
000001.SS,2012-02-15,2340.455078125,2374.281982421875,2335.10107421875,2366.701904296875,2366.701904296875,98800.0
^N100,2012-02-15,632.5800170898438,635.5999755859375,629.469970703125,631.4000244140625,631.4000244140625,270827800.0
^DJI,2012-02-15,12864.650390625,12899.4697265625,12753.6201171875,12780.9501953125,12780.9501953125,127560000.0
^GSPC,2012-02-15,1350.52001953125,1355.8699951171875,1340.800048828125,1343.22998046875,1343.22998046875,4080340000.0
GC=F,2012-02-15,1723.5999755859375,1737.0,1723.5999755859375,1726.300048828125,1726.300048828125,110.0
CL=F,2012-02-15,100.9000015258789,102.54000091552734,100.61000061035156,101.8000030517578,101.8000030517578,278272.0
^NYA,2012-02-16,7998.64990234375,8095.39013671875,7981.8701171875,8092.18994140625,8092.18994140625,4108880000.0
^IXIC,2012-02-16,2915.669921875,2961.3798828125,2912.719970703125,2959.85009765625,2959.85009765625,1945230000.0
^FTSE,2012-02-16,5892.2001953125,5892.39990234375,5829.39990234375,5885.39990234375,5885.39990234375,751180400.0
^NSEI,2012-02-16,5513.75,5531.39990234375,5483.75,5521.9501953125,5521.9501953125,0.0
^BSESN,2012-02-16,18163.05078125,18182.779296875,18043.3203125,18153.990234375,18153.990234375,20000.0
^N225,2012-02-16,9232.3798828125,9308.9296875,9214.23046875,9238.099609375,9238.099609375,180000000.0
000001.SS,2012-02-16,2363.89697265625,2373.803955078125,2342.072998046875,2356.860107421875,2356.860107421875,95000.0
^N100,2012-02-16,626.4400024414062,632.9199829101562,624.739990234375,632.9199829101562,632.9199829101562,273728200.0
^DJI,2012-02-16,12779.8095703125,12914.0,12779.580078125,12904.080078125,12904.080078125,134450000.0
^GSPC,2012-02-16,1342.6099853515625,1359.02001953125,1341.219970703125,1358.0400390625,1358.0400390625,4108880000.0
GC=F,2012-02-16,1718.4000244140625,1728.4000244140625,1707.0,1726.800048828125,1726.800048828125,38.0
CL=F,2012-02-16,101.9000015258789,102.69000244140624,100.83999633789062,102.30999755859376,102.30999755859376,197307.0
^NYA,2012-02-17,8092.18994140625,8129.39990234375,8091.64990234375,8114.509765625,8114.509765625,3717640000.0
^IXIC,2012-02-17,2958.219970703125,2962.780029296875,2941.550048828125,2951.780029296875,2951.780029296875,1973900000.0
^FTSE,2012-02-17,5885.39990234375,5923.60009765625,5885.39990234375,5905.10009765625,5905.10009765625,1101911000.0
^NSEI,2012-02-17,5574.2001953125,5606.7001953125,5545.2001953125,5564.2998046875,5564.2998046875,0.0
^BSESN,2012-02-17,18331.19921875,18423.060546875,18234.560546875,18289.349609375,18289.349609375,27800.0
^N225,2012-02-17,9371.1201171875,9435.0302734375,9369.25,9384.169921875,9384.169921875,188700000.0
000001.SS,2012-02-17,2366.6298828125,2372.511962890625,2344.760009765625,2357.180908203125,2357.180908203125,72000.0
^N100,2012-02-17,637.8099975585938,641.1500244140625,636.97998046875,639.1300048828125,639.1300048828125,316045000.0
^DJI,2012-02-17,12903.330078125,12967.919921875,12903.25,12949.8701171875,12949.8701171875,234650000.0
^GSPC,2012-02-17,1358.06005859375,1363.4000244140625,1357.239990234375,1361.22998046875,1361.22998046875,3717640000.0
GC=F,2012-02-17,1733.5999755859375,1735.0999755859375,1718.800048828125,1724.5,1724.5,80.0
CL=F,2012-02-17,102.3499984741211,104.13999938964844,102.25,103.23999786376952,103.23999786376952,134499.0
^FTSE,2012-02-20,5905.10009765625,5956.2998046875,5905.10009765625,5945.2998046875,5945.2998046875,723669700.0
^N225,2012-02-20,9534.0302734375,9549.3095703125,9462.669921875,9485.08984375,9485.08984375,169300000.0
000001.SS,2012-02-20,2383.68603515625,2388.009033203125,2362.011962890625,2363.596923828125,2363.596923828125,89000.0
^N100,2012-02-20,642.75,645.219970703125,642.4299926757812,645.1300048828125,645.1300048828125,253177000.0
^NYA,2012-02-21,8114.7900390625,8150.56005859375,8095.6298828125,8115.419921875,8115.419921875,3795200000.0
^IXIC,2012-02-21,2957.300048828125,2965.050048828125,2934.070068359375,2948.570068359375,2948.570068359375,1821540000.0
^FTSE,2012-02-21,5945.2998046875,5948.7998046875,5916.60009765625,5928.2001953125,5928.2001953125,846269200.0
^NSEI,2012-02-21,5561.89990234375,5621.5,5561.75,5607.14990234375,5607.14990234375,0.0
^BSESN,2012-02-21,18303.73046875,18470.859375,18293.80078125,18428.609375,18428.609375,20600.0
^N225,2012-02-21,9458.6796875,9517.0400390625,9440.41015625,9463.01953125,9463.01953125,169900000.0
000001.SS,2012-02-21,2365.487060546875,2382.14599609375,2345.052978515625,2381.429931640625,2381.429931640625,79400.0
^N100,2012-02-21,645.3599853515625,645.52001953125,639.4600219726562,643.0900268554688,643.0900268554688,247083800.0
^DJI,2012-02-21,12949.33984375,13005.0400390625,12926.1103515625,12965.6904296875,12965.6904296875,164780000.0
^GSPC,2012-02-21,1361.219970703125,1367.760009765625,1358.1099853515625,1362.2099609375,1362.2099609375,3795200000.0
GC=F,2012-02-21,1736.0999755859375,1760.0,1733.5999755859375,1757.0999755859375,1757.0999755859375,115.0
CL=F,2012-02-21,104.6500015258789,106.06999969482422,104.26000213623048,105.83999633789062,105.83999633789062,316239.0
^NYA,2012-02-22,8102.4501953125,8114.7001953125,8077.14013671875,8094.39013671875,8094.39013671875,3633710000.0
^IXIC,2012-02-22,2942.77001953125,2950.3701171875,2929.679931640625,2933.169921875,2933.169921875,1706310000.0
^FTSE,2012-02-22,5928.2001953125,5938.0,5894.60009765625,5916.60009765625,5916.60009765625,872089000.0
^NSEI,2012-02-22,5609.75,5629.9501953125,5491.35009765625,5505.35009765625,5505.35009765625,0.0
^BSESN,2012-02-22,18490.869140625,18523.779296875,18095.810546875,18145.25,18145.25,21600.0
^N225,2012-02-22,9459.740234375,9564.0498046875,9442.580078125,9554.0,9554.0,165000000.0
000001.SS,2012-02-22,2380.5029296875,2404.44189453125,2374.030029296875,2403.5869140625,2403.5869140625,118600.0
^N100,2012-02-22,644.4099731445312,644.5599975585938,638.6500244140625,639.3699951171875,639.3699951171875,269187800.0
^DJI,2012-02-22,12966.2197265625,12977.91015625,12914.830078125,12938.669921875,12938.669921875,124200000.0
^GSPC,2012-02-22,1362.1099853515625,1362.699951171875,1355.530029296875,1357.6600341796875,1357.6600341796875,3633710000.0
GC=F,2012-02-22,1758.699951171875,1781.9000244140625,1750.0,1770.0,1770.0,161.0
CL=F,2012-02-22,106.01000213623048,106.72000122070312,105.61000061035156,106.27999877929688,106.27999877929688,241329.0
^NYA,2012-02-23,8092.6201171875,8139.0498046875,8062.77001953125,8136.14990234375,8136.14990234375,3786450000.0
^IXIC,2012-02-23,2933.159912109375,2958.419921875,2922.9599609375,2956.97998046875,2956.97998046875,1768390000.0
^FTSE,2012-02-23,5916.60009765625,5952.5,5900.5,5937.89990234375,5937.89990234375,1071356900.0
^NSEI,2012-02-23,5490.0498046875,5537.39990234375,5460.7998046875,5483.2998046875,5483.2998046875,0.0
^BSESN,2012-02-23,18127.349609375,18249.529296875,18005.279296875,18078.5,18078.5,19600.0
^N225,2012-02-23,9549.76953125,9609.83984375,9513.650390625,9595.5703125,9595.5703125,180000000.0
000001.SS,2012-02-23,2401.738037109375,2416.803955078125,2396.7099609375,2409.553955078125,2409.553955078125,112600.0
^N100,2012-02-23,637.989990234375,642.219970703125,635.3300170898438,638.9099731445312,638.9099731445312,284826400.0
^DJI,2012-02-23,12937.080078125,12996.080078125,12882.669921875,12984.6904296875,12984.6904296875,120480000.0
^GSPC,2012-02-23,1357.530029296875,1364.239990234375,1352.280029296875,1363.4599609375,1363.4599609375,3786450000.0
GC=F,2012-02-23,1774.0,1786.0,1773.0,1784.9000244140625,1784.9000244140625,298.0
CL=F,2012-02-23,105.9499969482422,108.73999786376952,105.4499969482422,107.83000183105467,107.83000183105467,325662.0
^NYA,2012-02-24,8151.4599609375,8176.2900390625,8139.9501953125,8151.97021484375,8151.97021484375,3505360000.0
^IXIC,2012-02-24,2963.1298828125,2970.8798828125,2958.820068359375,2963.75,2963.75,1643180000.0
^FTSE,2012-02-24,5937.89990234375,5964.0,5925.5,5935.10009765625,5935.10009765625,1010948400.0
^NSEI,2012-02-24,5479.14990234375,5521.39990234375,5405.89990234375,5429.2998046875,5429.2998046875,0.0
^BSESN,2012-02-24,18079.009765625,18198.150390625,17848.9296875,17923.5703125,17923.5703125,19600.0
^N225,2012-02-24,9594.849609375,9647.3798828125,9576.2099609375,9647.3798828125,9647.3798828125,180000000.0
000001.SS,2012-02-24,2410.881103515625,2439.97705078125,2405.27392578125,2439.626953125,2439.626953125,135000.0
^N100,2012-02-24,641.77001953125,642.280029296875,638.9600219726562,640.9000244140625,640.9000244140625,250644400.0
^DJI,2012-02-24,12981.2001953125,13013.8203125,12950.58984375,12982.9501953125,12982.9501953125,89440000.0
^GSPC,2012-02-24,1363.4599609375,1368.9200439453125,1363.4599609375,1365.739990234375,1365.739990234375,3505360000.0
GC=F,2012-02-24,1778.5,1780.699951171875,1771.300048828125,1775.0999755859375,1775.0999755859375,129.0
CL=F,2012-02-24,108.66000366210938,109.9499969482422,107.9499969482422,109.7699966430664,109.7699966430664,267713.0
^NYA,2012-02-27,8100.6298828125,8164.66015625,8066.02001953125,8143.56005859375,8143.56005859375,3648890000.0
^IXIC,2012-02-27,2945.8701171875,2976.080078125,2933.300048828125,2966.159912109375,2966.159912109375,1763650000.0
^FTSE,2012-02-27,5935.10009765625,5935.10009765625,5865.89990234375,5915.60009765625,5915.60009765625,966771100.0
^NSEI,2012-02-27,5448.10009765625,5449.7998046875,5268.14990234375,5281.2001953125,5281.2001953125,0.0
^BSESN,2012-02-27,17975.189453125,17975.189453125,17381.640625,17445.75,17445.75,20800.0
^N225,2012-02-27,9726.2001953125,9736.1103515625,9628.25,9633.9296875,9633.9296875,177100000.0
000001.SS,2012-02-27,2447.406005859375,2478.375,2444.62890625,2447.056884765625,2447.056884765625,158000.0
^N100,2012-02-27,638.510009765625,638.97998046875,632.4000244140625,637.47998046875,637.47998046875,229588200.0
^DJI,2012-02-27,12981.1298828125,13027.51953125,12882.58984375,12981.509765625,12981.509765625,143530000.0
^GSPC,2012-02-27,1365.199951171875,1371.93994140625,1354.9200439453125,1367.5899658203125,1367.5899658203125,3648890000.0
GC=F,2012-02-27,1773.5999755859375,1775.5999755859375,1768.0999755859375,1773.5999755859375,1773.5999755859375,841.0
CL=F,2012-02-27,109.66999816894533,109.7699966430664,107.2699966430664,108.55999755859376,108.55999755859376,277597.0
^NYA,2012-02-28,8149.06982421875,8182.02001953125,8132.06982421875,8171.5400390625,8171.5400390625,3579120000.0
^IXIC,2012-02-28,2969.25,2988.590087890625,2966.610107421875,2986.760009765625,2986.760009765625,1812490000.0
^FTSE,2012-02-28,5915.60009765625,5937.0,5900.0,5927.89990234375,5927.89990234375,804670300.0
^NSEI,2012-02-28,5310.5,5391.10009765625,5306.4501953125,5375.5,5375.5,0.0
^BSESN,2012-02-28,17545.109375,17776.8203125,17530.439453125,17731.119140625,17731.119140625,16000.0
^N225,2012-02-28,9567.1201171875,9722.51953125,9528.76953125,9722.51953125,9722.51953125,185500000.0
000001.SS,2012-02-28,2440.9140625,2458.65087890625,2431.827880859375,2451.85693359375,2451.85693359375,118400.0
^N100,2012-02-28,639.5399780273438,641.0800170898438,635.1099853515625,639.8099975585938,639.8099975585938,246034600.0
^DJI,2012-02-28,12976.740234375,13021.509765625,12952.8203125,13005.1201171875,13005.1201171875,114490000.0
^GSPC,2012-02-28,1367.56005859375,1373.0899658203125,1365.969970703125,1372.1800537109375,1372.1800537109375,3579120000.0
GC=F,2012-02-28,1767.9000244140625,1789.4000244140625,1767.9000244140625,1787.0,1787.0,306.0
CL=F,2012-02-28,107.9499969482422,108.79000091552734,106.3000030517578,106.5500030517578,106.5500030517578,278723.0
^NYA,2012-02-29,8182.25,8210.259765625,8106.02978515625,8113.240234375,8113.240234375,4482370000.0
^IXIC,2012-02-29,2991.669921875,3000.110107421875,2961.77001953125,2966.889892578125,2966.889892578125,2170190000.0
^FTSE,2012-02-29,5927.89990234375,5944.7998046875,5871.5,5871.5,5871.5,1201161000.0
^NSEI,2012-02-29,5424.9501953125,5458.7998046875,5352.25,5385.2001953125,5385.2001953125,0.0
^BSESN,2012-02-29,17919.9296875,18001.349609375,17677.970703125,17752.6796875,17752.6796875,18400.0
^N225,2012-02-29,9771.6201171875,9866.41015625,9706.2197265625,9723.240234375,9723.240234375,179200000.0
000001.SS,2012-02-29,2446.22802734375,2453.06591796875,2426.3291015625,2428.487060546875,2428.487060546875,95600.0
^N100,2012-02-29,641.5599975585938,645.8800048828125,639.739990234375,640.72998046875,640.72998046875,300918600.0
^DJI,2012-02-29,13005.419921875,13055.75,12929.66015625,12952.0703125,12952.0703125,182460000.0
^GSPC,2012-02-29,1372.199951171875,1378.0400390625,1363.81005859375,1365.6800537109375,1365.6800537109375,4482370000.0
GC=F,2012-02-29,1789.9000244140625,1790.4000244140625,1669.0,1709.9000244140625,1709.9000244140625,359.0
CL=F,2012-02-29,106.45999908447266,107.43000030517578,104.83999633789062,107.06999969482422,107.06999969482422,353125.0
^NYA,2012-03-01,8136.1298828125,8189.2998046875,8136.1298828125,8175.10986328125,8175.10986328125,3919240000.0
^IXIC,2012-03-01,2979.110107421875,2996.3701171875,2974.590087890625,2988.969970703125,2988.969970703125,1903690000.0
^FTSE,2012-03-01,5871.5,5936.10009765625,5858.89990234375,5931.2998046875,5931.2998046875,900749900.0
^NSEI,2012-03-01,5366.0,5372.4501953125,5297.5,5339.75,5339.75,0.0
^BSESN,2012-03-01,17714.619140625,17717.529296875,17463.26953125,17583.970703125,17583.970703125,18800.0
^N225,2012-03-01,9771.33984375,9865.75,9666.01953125,9707.3701171875,9707.3701171875,175100000.0
000001.SS,2012-03-01,2418.7880859375,2437.8740234375,2418.333984375,2426.114990234375,2426.114990234375,75000.0
^N100,2012-03-01,639.4099731445312,648.510009765625,637.8300170898438,648.5,648.5,309480800.0
^DJI,2012-03-01,12952.2900390625,13032.669921875,12943.0595703125,12980.2998046875,12980.2998046875,139670000.0
^GSPC,2012-03-01,1365.9000244140625,1376.1700439453125,1365.9000244140625,1374.0899658203125,1374.0899658203125,3919240000.0
GC=F,2012-03-01,1698.5999755859375,1724.5999755859375,1698.5999755859375,1721.0999755859375,1721.0999755859375,214.0
CL=F,2012-03-01,106.81999969482422,110.5500030517578,106.5500030517578,108.83999633789062,108.83999633789062,389838.0
^NYA,2012-03-02,8157.66015625,8161.4501953125,8105.56982421875,8125.169921875,8125.169921875,3283490000.0
^IXIC,2012-03-02,2986.080078125,2995.969970703125,2968.0,2976.18994140625,2976.18994140625,1755130000.0
^FTSE,2012-03-02,5931.2998046875,5940.0,5908.5,5911.10009765625,5911.10009765625,736456500.0
^NSEI,2012-03-02,5369.4501953125,5392.5498046875,5315.0498046875,5359.35009765625,5359.35009765625,0.0
^BSESN,2012-03-02,17661.390625,17731.880859375,17504.380859375,17636.80078125,17636.80078125,17000.0
^N225,2012-03-02,9797.0498046875,9803.75,9729.240234375,9777.0302734375,9777.0302734375,158500000.0
000001.SS,2012-03-02,2430.096923828125,2461.12109375,2430.096923828125,2460.693115234375,2460.693115234375,103200.0
^N100,2012-03-02,648.989990234375,651.47998046875,647.9299926757812,649.4000244140625,649.4000244140625,257010000.0
^DJI,2012-03-02,12980.75,12997.509765625,12927.76953125,12977.5703125,12977.5703125,93900000.0
^GSPC,2012-03-02,1374.0899658203125,1374.530029296875,1366.4200439453125,1369.6300048828125,1369.6300048828125,3283490000.0
GC=F,2012-03-02,1723.0,1723.0,1705.199951171875,1708.800048828125,1708.800048828125,135.0
CL=F,2012-03-02,108.75,109.02999877929688,105.8000030517578,106.6999969482422,106.6999969482422,299664.0
^NYA,2012-03-05,8109.52001953125,8109.52001953125,8057.5400390625,8091.27978515625,8091.27978515625,3429480000.0
^IXIC,2012-03-05,2969.72998046875,2973.929931640625,2940.52001953125,2950.47998046875,2950.47998046875,1679030000.0
^FTSE,2012-03-05,5911.10009765625,5911.10009765625,5865.39990234375,5874.7998046875,5874.7998046875,873447200.0
^NSEI,2012-03-05,5342.5498046875,5344.5,5265.7001953125,5280.35009765625,5280.35009765625,0.0
^BSESN,2012-03-05,17598.419921875,17598.419921875,17312.30078125,17362.869140625,17362.869140625,12000.0
^N225,2012-03-05,9756.98046875,9792.1396484375,9673.75,9698.58984375,9698.58984375,132600000.0
000001.SS,2012-03-05,2464.84912109375,2469.841064453125,2442.114990234375,2445.001953125,2445.001953125,112600.0
^N100,2012-03-05,646.5900268554688,649.3900146484375,643.239990234375,646.9400024414062,646.9400024414062,227626800.0
^DJI,2012-03-05,12977.33984375,12977.33984375,12883.91015625,12962.8095703125,12962.8095703125,108630000.0
^GSPC,2012-03-05,1369.5899658203125,1369.5899658203125,1359.1300048828125,1364.3299560546875,1364.3299560546875,3429480000.0
GC=F,2012-03-05,1705.5,1709.5,1695.4000244140625,1703.0,1703.0,421.0
CL=F,2012-03-05,106.75,107.41999816894533,105.5,106.72000122070312,106.72000122070312,237450.0
^NYA,2012-03-06,8000.43017578125,8000.43017578125,7898.60986328125,7920.35009765625,7920.35009765625,4191060000.0
^IXIC,2012-03-06,2917.52001953125,2921.77001953125,2900.280029296875,2910.320068359375,2910.320068359375,1870720000.0
^FTSE,2012-03-06,5874.7998046875,5874.7998046875,5758.39990234375,5765.7998046875,5765.7998046875,989886600.0
^NSEI,2012-03-06,5266.0,5382.0498046875,5206.39990234375,5222.39990234375,5222.39990234375,0.0
^BSESN,2012-03-06,17336.640625,17691.9609375,17128.279296875,17173.2890625,17173.2890625,18600.0
^N225,2012-03-06,9704.6103515625,9732.8896484375,9602.83984375,9637.6298828125,9637.6298828125,171900000.0
000001.SS,2012-03-06,2439.779052734375,2442.0009765625,2406.055908203125,2410.445068359375,2410.445068359375,103800.0
^N100,2012-03-06,644.280029296875,644.3599853515625,626.8599853515625,626.8599853515625,626.8599853515625,333424000.0
^DJI,2012-03-06,12958.650390625,12958.73046875,12734.8603515625,12759.150390625,12759.150390625,142330000.0
^GSPC,2012-03-06,1363.6300048828125,1363.6300048828125,1340.030029296875,1343.3599853515625,1343.3599853515625,4191060000.0
GC=F,2012-03-06,1708.699951171875,1708.699951171875,1666.0,1671.4000244140625,1671.4000244140625,176.0
CL=F,2012-03-06,107.11000061035156,107.33999633789062,104.51000213623048,104.6999969482422,104.6999969482422,332561.0
^NYA,2012-03-07,7936.39990234375,7992.47998046875,7925.66015625,7979.77978515625,7979.77978515625,3580380000.0
^IXIC,2012-03-07,2922.570068359375,2940.280029296875,2920.5400390625,2935.68994140625,2935.68994140625,1589360000.0
^FTSE,2012-03-07,5765.7998046875,5801.10009765625,5755.7001953125,5791.39990234375,5791.39990234375,859928000.0
^NSEI,2012-03-07,5207.0498046875,5243.85009765625,5171.4501953125,5220.4501953125,5220.4501953125,0.0
^BSESN,2012-03-07,17127.1796875,17239.349609375,17008.76953125,17145.51953125,17145.51953125,20400.0
^N225,2012-03-07,9509.099609375,9603.1904296875,9509.099609375,9576.0595703125,9576.0595703125,155800000.0
000001.SS,2012-03-07,2391.201904296875,2413.695068359375,2388.51904296875,2394.7939453125,2394.7939453125,94800.0
^N100,2012-03-07,627.0800170898438,633.2000122070312,626.969970703125,632.5900268554688,632.5900268554688,253469200.0
^DJI,2012-03-07,12756.1201171875,12857.73046875,12751.509765625,12837.330078125,12837.330078125,175110000.0
^GSPC,2012-03-07,1343.3900146484375,1354.8499755859375,1343.3900146484375,1352.6300048828125,1352.6300048828125,3580380000.0
GC=F,2012-03-07,1676.0,1684.0,1673.0999755859375,1683.300048828125,1683.300048828125,39.0
CL=F,2012-03-07,104.93000030517578,106.5500030517578,104.3499984741211,106.16000366210938,106.16000366210938,333242.0
^NYA,2012-03-08,8038.7998046875,8097.6298828125,8023.2900390625,8082.47998046875,8082.47998046875,3543060000.0
^IXIC,2012-03-08,2954.39990234375,2976.050048828125,2945.72998046875,2970.419921875,2970.419921875,1619740000.0
^FTSE,2012-03-08,5791.39990234375,5874.2998046875,5791.39990234375,5859.7001953125,5859.7001953125,828107700.0
^N225,2012-03-08,9674.9404296875,9768.9599609375,9659.150390625,9768.9599609375,9768.9599609375,144100000.0
000001.SS,2012-03-08,2401.10205078125,2426.697998046875,2401.10205078125,2420.27587890625,2420.27587890625,96800.0
^N100,2012-03-08,636.489990234375,646.47998046875,636.4400024414062,646.47998046875,646.47998046875,286046600.0
^DJI,2012-03-08,12835.5302734375,12937.1904296875,12835.5302734375,12907.9404296875,12907.9404296875,103530000.0
^GSPC,2012-03-08,1352.6500244140625,1368.719970703125,1352.6500244140625,1365.9100341796875,1365.9100341796875,3543060000.0
GC=F,2012-03-08,1686.4000244140625,1702.4000244140625,1686.4000244140625,1698.0999755859375,1698.0999755859375,301.0
CL=F,2012-03-08,106.23999786376952,107.1999969482422,105.83999633789062,106.58000183105467,106.58000183105467,279597.0
^NYA,2012-03-09,8087.89013671875,8133.56982421875,8075.9599609375,8102.10009765625,8102.10009765625,3639470000.0
^IXIC,2012-03-09,2975.090087890625,2993.97998046875,2973.9599609375,2988.340087890625,2988.340087890625,1580560000.0
^FTSE,2012-03-09,5859.7001953125,5897.60009765625,5842.89990234375,5887.5,5887.5,854778900.0
^NSEI,2012-03-09,5294.10009765625,5342.2998046875,5291.60009765625,5333.5498046875,5333.5498046875,0.0
^BSESN,2012-03-09,17325.8203125,17531.619140625,17325.8203125,17503.240234375,17503.240234375,12800.0
^N225,2012-03-09,9911.0703125,10007.6201171875,9853.1796875,9929.740234375,9929.740234375,265400000.0
000001.SS,2012-03-09,2425.885009765625,2440.510986328125,2414.966064453125,2439.4619140625,2439.4619140625,100600.0
^N100,2012-03-09,647.260009765625,651.3800048828125,644.280029296875,648.52001953125,648.52001953125,251495200.0
^DJI,2012-03-09,12908.6201171875,12968.7900390625,12906.4296875,12922.01953125,12922.01953125,103240000.0
^GSPC,2012-03-09,1365.969970703125,1374.760009765625,1365.969970703125,1370.8699951171875,1370.8699951171875,3639470000.0
GC=F,2012-03-09,1698.800048828125,1710.9000244140625,1680.699951171875,1710.9000244140625,1710.9000244140625,73.0
CL=F,2012-03-09,106.91000366210938,108.1999969482422,106.12999725341795,107.4000015258789,107.4000015258789,292694.0
^NYA,2012-03-12,8102.10009765625,8105.18017578125,8062.10986328125,8086.27978515625,8086.27978515625,3081870000.0
^IXIC,2012-03-12,2989.050048828125,2994.10009765625,2973.64990234375,2983.659912109375,2983.659912109375,1341660000.0
^FTSE,2012-03-12,5887.5,5894.10009765625,5860.39990234375,5892.7998046875,5892.7998046875,800492000.0
^NSEI,2012-03-12,5420.10009765625,5421.89990234375,5327.2998046875,5359.5498046875,5359.5498046875,0.0
^BSESN,2012-03-12,17772.099609375,17772.099609375,17494.650390625,17587.669921875,17587.669921875,12200.0
^N225,2012-03-12,10015.919921875,10021.509765625,9889.8603515625,9889.8603515625,9889.8603515625,153500000.0
000001.SS,2012-03-12,2438.5458984375,2440.85693359375,2420.840087890625,2434.85791015625,2434.85791015625,106200.0
^N100,2012-03-12,646.9299926757812,650.6199951171875,645.760009765625,649.27001953125,649.27001953125,211119200.0
^DJI,2012-03-12,12920.580078125,12976.3603515625,12919.98046875,12959.7099609375,12959.7099609375,100000000.0
^GSPC,2012-03-12,1370.780029296875,1373.0400390625,1366.68994140625,1371.0899658203125,1371.0899658203125,3081870000.0
GC=F,2012-03-12,1708.0999755859375,1708.0999755859375,1694.9000244140625,1699.199951171875,1699.199951171875,98.0
CL=F,2012-03-12,107.5,107.55999755859376,105.37999725341795,106.33999633789062,106.33999633789062,234727.0
^NYA,2012-03-13,8086.27978515625,8234.9697265625,8086.27978515625,8234.48046875,8234.48046875,4386470000.0
^IXIC,2012-03-13,3003.7099609375,3039.889892578125,2996.4599609375,3039.8798828125,3039.8798828125,1709900000.0
^FTSE,2012-03-13,5892.7998046875,5957.89990234375,5892.7998046875,5955.89990234375,5955.89990234375,761933800.0
^NSEI,2012-03-13,5391.0498046875,5438.64990234375,5390.7998046875,5429.5,5429.5,0.0
^BSESN,2012-03-13,17680.23046875,17842.919921875,17680.23046875,17813.619140625,17813.619140625,12800.0
^N225,2012-03-13,9921.25,10011.8798828125,9888.2998046875,9899.080078125,9899.080078125,206000000.0
000001.SS,2012-03-13,2432.843017578125,2457.219970703125,2428.60888671875,2455.7939453125,2455.7939453125,104600.0
^N100,2012-03-13,653.52001953125,659.6699829101562,652.6799926757812,659.4299926757812,659.4299926757812,241170200.0
^DJI,2012-03-13,12953.2001953125,13180.400390625,12953.1298828125,13177.6796875,13177.6796875,163130000.0
^GSPC,2012-03-13,1371.9200439453125,1396.1300048828125,1371.9200439453125,1395.949951171875,1395.949951171875,4386470000.0
GC=F,2012-03-13,1698.4000244140625,1698.4000244140625,1685.0999755859375,1693.699951171875,1693.699951171875,47.0
CL=F,2012-03-13,106.5500030517578,107.3499984741211,105.66999816894533,106.70999908447266,106.70999908447266,282350.0
^NYA,2012-03-14,8223.759765625,8235.3095703125,8163.7099609375,8185.27001953125,8185.27001953125,4502280000.0
^IXIC,2012-03-14,3042.2099609375,3051.3701171875,3024.72998046875,3040.72998046875,3040.72998046875,1662300000.0
^FTSE,2012-03-14,5955.89990234375,5989.10009765625,5945.39990234375,5945.39990234375,5945.39990234375,1165018000.0
^NSEI,2012-03-14,5490.5498046875,5499.39990234375,5437.7998046875,5463.89990234375,5463.89990234375,0.0
^BSESN,2012-03-14,18003.150390625,18040.689453125,17837.220703125,17919.30078125,17919.30078125,14200.0
^N225,2012-03-14,10064.1201171875,10115.7900390625,10050.51953125,10050.51953125,10050.51953125,168100000.0
000001.SS,2012-03-14,2464.9150390625,2476.216064453125,2382.8359375,2391.22998046875,2391.22998046875,179800.0
^N100,2012-03-14,661.9400024414062,664.9199829101562,661.2100219726562,661.52001953125,661.52001953125,342089800.0
^DJI,2012-03-14,13177.150390625,13221.26953125,13166.25,13194.099609375,13194.099609375,163610000.0
^GSPC,2012-03-14,1395.949951171875,1399.4200439453125,1389.969970703125,1394.280029296875,1394.280029296875,4502280000.0
GC=F,2012-03-14,1676.9000244140625,1681.0,1637.4000244140625,1642.5,1642.5,201.0
CL=F,2012-03-14,106.69000244140624,107.0199966430664,105.12000274658205,105.43000030517578,105.43000030517578,283510.0
^NYA,2012-03-15,8194.76953125,8246.7197265625,8176.7998046875,8246.7197265625,8246.7197265625,4271650000.0
^IXIC,2012-03-15,3048.580078125,3059.81005859375,3037.820068359375,3056.3701171875,3056.3701171875,1677540000.0
^FTSE,2012-03-15,5945.39990234375,5958.2001953125,5919.2001953125,5940.7001953125,5940.7001953125,1034944400.0
^NSEI,2012-03-15,5462.5,5462.5,5362.2998046875,5380.5,5380.5,0.0
^BSESN,2012-03-15,17916.849609375,17918.25,17622.130859375,17675.849609375,17675.849609375,13800.0
^N225,2012-03-15,10115.400390625,10158.740234375,10077.5498046875,10123.2802734375,10123.2802734375,177600000.0
000001.SS,2012-03-15,2388.06298828125,2403.741943359375,2366.02392578125,2373.77392578125,2373.77392578125,120000.0
^N100,2012-03-15,660.4099731445312,663.5800170898438,659.489990234375,663.3599853515625,663.3599853515625,307770400.0
^DJI,2012-03-15,13192.9697265625,13253.509765625,13170.1904296875,13252.759765625,13252.759765625,161650000.0
^GSPC,2012-03-15,1394.1700439453125,1402.6300048828125,1392.780029296875,1402.5999755859375,1402.5999755859375,4271650000.0
GC=F,2012-03-15,1646.300048828125,1660.199951171875,1640.0,1659.0999755859375,1659.0999755859375,405.0
CL=F,2012-03-15,105.5,106.18000030517578,103.77999877929688,105.11000061035156,105.11000061035156,371039.0
^NYA,2012-03-16,8265.4404296875,8281.3603515625,8256.1201171875,8270.400390625,8270.400390625,5163950000.0
^IXIC,2012-03-16,3058.489990234375,3060.820068359375,3047.68994140625,3055.260009765625,3055.260009765625,2088610000.0
^FTSE,2012-03-16,5940.7001953125,5974.10009765625,5940.7001953125,5965.60009765625,5965.60009765625,1830036200.0
^NSEI,2012-03-16,5380.35009765625,5445.64990234375,5305.0,5317.89990234375,5317.89990234375,0.0
^BSESN,2012-03-16,17656.810546875,17871.0,17426.580078125,17466.19921875,17466.19921875,24800.0
^N225,2012-03-16,10110.5703125,10148.4697265625,10090.08984375,10129.830078125,10129.830078125,163000000.0
000001.SS,2012-03-16,2377.757080078125,2406.14794921875,2368.31103515625,2404.736083984375,2404.736083984375,103600.0
^N100,2012-03-16,663.3499755859375,667.1500244140625,662.8900146484375,665.8599853515625,665.8599853515625,420448600.0
^DJI,2012-03-16,13253.509765625,13289.080078125,13231.4501953125,13232.6201171875,13232.6201171875,392620000.0
^GSPC,2012-03-16,1402.550048828125,1405.8800048828125,1401.469970703125,1404.1700439453125,1404.1700439453125,5163950000.0
GC=F,2012-03-16,1660.0,1661.4000244140625,1641.300048828125,1655.5,1655.5,317.0
CL=F,2012-03-16,105.44000244140624,107.33999633789062,105.12999725341795,107.05999755859376,107.05999755859376,192992.0
^NYA,2012-03-19,8262.3095703125,8327.669921875,8257.66015625,8297.4697265625,8297.4697265625,3932570000.0
^IXIC,2012-03-19,3057.239990234375,3087.10009765625,3050.889892578125,3078.320068359375,3078.320068359375,1548400000.0
^FTSE,2012-03-19,5965.60009765625,5968.89990234375,5928.5,5961.10009765625,5961.10009765625,951065300.0
^NSEI,2012-03-19,5337.35009765625,5340.7001953125,5238.5498046875,5257.0498046875,5257.0498046875,0.0
^BSESN,2012-03-19,17531.470703125,17561.4609375,17226.4296875,17273.369140625,17273.369140625,13800.0
^N225,2012-03-19,10150.849609375,10172.6396484375,10134.48046875,10141.990234375,10141.990234375,135100000.0
000001.SS,2012-03-19,2401.217041015625,2412.3359375,2383.674072265625,2410.18408203125,2410.18408203125,102200.0
^N100,2012-03-19,664.4199829101562,664.719970703125,661.530029296875,664.3599853515625,664.3599853515625,231748000.0
^DJI,2012-03-19,13231.9404296875,13269.7099609375,13208.6298828125,13239.1298828125,13239.1298828125,147120000.0
^GSPC,2012-03-19,1404.1700439453125,1414.0,1402.4300537109375,1409.75,1409.75,3932570000.0
GC=F,2012-03-19,1661.199951171875,1668.0,1652.0999755859375,1666.9000244140625,1666.9000244140625,462.0
CL=F,2012-03-19,107.18000030517578,108.23999786376952,106.5500030517578,108.08999633789062,108.08999633789062,110353.0
^NYA,2012-03-20,8247.150390625,8252.0498046875,8198.0,8241.26953125,8241.26953125,3695280000.0
^IXIC,2012-03-20,3060.929931640625,3078.719970703125,3050.820068359375,3074.14990234375,3074.14990234375,1508580000.0
^FTSE,2012-03-20,5961.10009765625,5961.10009765625,5876.39990234375,5891.39990234375,5891.39990234375,978545300.0
^NSEI,2012-03-20,5257.14990234375,5297.35009765625,5233.25,5274.85009765625,5274.85009765625,0.0
^BSESN,2012-03-20,17308.890625,17410.130859375,17211.73046875,17316.1796875,17316.1796875,14200.0
000001.SS,2012-03-20,2407.5419921875,2407.5419921875,2376.031005859375,2376.839111328125,2376.839111328125,98000.0
^N100,2012-03-20,662.1599731445312,662.27001953125,655.8400268554688,657.2899780273438,657.2899780273438,237412200.0
^DJI,2012-03-20,13238.4501953125,13238.4501953125,13123.3798828125,13170.1904296875,13170.1904296875,131660000.0
^GSPC,2012-03-20,1409.5899658203125,1409.5899658203125,1397.6800537109375,1405.52001953125,1405.52001953125,3695280000.0
GC=F,2012-03-20,1648.0999755859375,1652.300048828125,1642.0,1646.699951171875,1646.699951171875,250.0
CL=F,2012-03-20,107.81999969482422,107.91000366210938,105.3499984741211,105.61000061035156,105.61000061035156,329535.0
^NYA,2012-03-21,8241.5703125,8246.8896484375,8199.009765625,8219.33984375,8219.33984375,3573590000.0
^IXIC,2012-03-21,3077.43994140625,3090.080078125,3069.090087890625,3075.320068359375,3075.320068359375,1552400000.0
^FTSE,2012-03-21,5891.39990234375,5921.7001953125,5880.7998046875,5892.0,5892.0,907211300.0
^NSEI,2012-03-21,5267.2001953125,5372.35009765625,5256.0,5364.9501953125,5364.9501953125,0.0
^BSESN,2012-03-21,17301.16015625,17622.869140625,17275.880859375,17601.7109375,17601.7109375,14200.0
^N225,2012-03-21,10100.8701171875,10132.01953125,10073.900390625,10086.490234375,10086.490234375,149900000.0
000001.SS,2012-03-21,2384.708984375,2396.721923828125,2361.221923828125,2378.195068359375,2378.195068359375,95600.0
^N100,2012-03-21,659.9500122070312,662.1900024414062,652.8699951171875,656.4099731445312,656.4099731445312,243184200.0
^DJI,2012-03-21,13170.7900390625,13190.01953125,13112.9296875,13124.6201171875,13124.6201171875,124860000.0
^GSPC,2012-03-21,1405.52001953125,1407.75,1400.6400146484375,1402.8900146484375,1402.8900146484375,3573590000.0
GC=F,2012-03-21,1657.800048828125,1660.0,1646.0999755859375,1650.0,1650.0,546.0
CL=F,2012-03-21,106.33000183105467,107.63999938964844,106.05999755859376,107.2699966430664,107.2699966430664,252603.0
^NYA,2012-03-22,8154.18994140625,8161.509765625,8115.2998046875,8141.31982421875,8141.31982421875,3740590000.0
^IXIC,2012-03-22,3055.0,3068.5,3050.699951171875,3063.320068359375,3063.320068359375,1524800000.0
^FTSE,2012-03-22,5892.0,5892.0,5825.89990234375,5845.7001953125,5845.7001953125,883155700.0
^NSEI,2012-03-22,5361.10009765625,5385.9501953125,5205.64990234375,5228.4501953125,5228.4501953125,0.0
^BSESN,2012-03-22,17586.060546875,17687.009765625,17136.5,17196.470703125,17196.470703125,17600.0
^N225,2012-03-22,10055.16015625,10136.849609375,10052.5,10127.080078125,10127.080078125,146900000.0
000001.SS,2012-03-22,2376.990966796875,2386.097900390625,2364.12890625,2375.77197265625,2375.77197265625,79400.0
^N100,2012-03-22,655.0599975585938,655.0599975585938,646.030029296875,648.219970703125,648.219970703125,281669600.0
^DJI,2012-03-22,13124.400390625,13124.4697265625,13017.419921875,13046.1396484375,13046.1396484375,122060000.0
^GSPC,2012-03-22,1402.8900146484375,1402.8900146484375,1388.72998046875,1392.780029296875,1392.780029296875,3740590000.0
GC=F,2012-03-22,1648.0,1649.4000244140625,1633.800048828125,1642.300048828125,1642.300048828125,321.0
CL=F,2012-03-22,106.80999755859376,107.12000274658205,104.5,105.3499984741211,105.3499984741211,295474.0
^NYA,2012-03-23,8139.27978515625,8188.02978515625,8102.10009765625,8180.0498046875,8180.0498046875,3472950000.0
^IXIC,2012-03-23,3066.3701171875,3070.929931640625,3044.669921875,3067.919921875,3067.919921875,1428940000.0
^FTSE,2012-03-23,5845.7001953125,5875.7001953125,5801.7001953125,5854.89990234375,5854.89990234375,848516900.0
^NSEI,2012-03-23,5255.64990234375,5312.0,5220.0,5278.2001953125,5278.2001953125,0.0
^BSESN,2012-03-23,17257.720703125,17458.349609375,17179.330078125,17361.740234375,17361.740234375,12600.0
^N225,2012-03-23,10014.8701171875,10031.9599609375,9999.3701171875,10011.4697265625,10011.4697265625,121600000.0
000001.SS,2012-03-23,2369.076904296875,2371.261962890625,2342.118896484375,2349.5390625,2349.5390625,76800.0
^N100,2012-03-23,648.1699829101562,651.1699829101562,641.8400268554688,648.27001953125,648.27001953125,224456400.0
^DJI,2012-03-23,13045.990234375,13099.91015625,13002.76953125,13080.73046875,13080.73046875,129930000.0
^GSPC,2012-03-23,1392.780029296875,1399.1800537109375,1386.8699951171875,1397.1099853515625,1397.1099853515625,3472950000.0
GC=F,2012-03-23,1652.5,1665.0999755859375,1646.300048828125,1662.300048828125,1662.300048828125,76.0
CL=F,2012-03-23,105.5199966430664,108.25,105.16000366210938,106.87000274658205,106.87000274658205,260269.0
^NYA,2012-03-26,8228.1904296875,8288.8203125,8228.1904296875,8288.7802734375,8288.7802734375,3576950000.0
^IXIC,2012-03-26,3090.52001953125,3122.570068359375,3090.050048828125,3122.570068359375,3122.570068359375,1627520000.0
^FTSE,2012-03-26,5854.89990234375,5913.10009765625,5854.5,5902.7001953125,5902.7001953125,722858600.0
^NSEI,2012-03-26,5274.35009765625,5274.9501953125,5174.89990234375,5184.25,5184.25,0.0
^BSESN,2012-03-26,17377.58984375,17377.58984375,17021.849609375,17052.779296875,17052.779296875,17000.0
^N225,2012-03-26,10040.099609375,10056.2001953125,10016.0498046875,10018.240234375,10018.240234375,126600000.0
000001.SS,2012-03-26,2349.0859375,2357.99609375,2339.139892578125,2350.59912109375,2350.59912109375,55400.0
^N100,2012-03-26,650.280029296875,655.0800170898438,646.0900268554688,654.02001953125,654.02001953125,196346400.0
^DJI,2012-03-26,13082.6201171875,13243.8603515625,13082.3896484375,13241.6298828125,13241.6298828125,122080000.0
^GSPC,2012-03-26,1397.1099853515625,1416.5799560546875,1397.1099853515625,1416.510009765625,1416.510009765625,3576950000.0
GC=F,2012-03-26,1665.0,1692.9000244140625,1657.800048828125,1685.5,1685.5,84.0
CL=F,2012-03-26,106.79000091552734,107.31999969482422,106.19000244140624,107.02999877929688,107.02999877929688,162276.0
^NYA,2012-03-27,8289.580078125,8296.6796875,8237.4599609375,8239.330078125,8239.330078125,3513640000.0
^IXIC,2012-03-27,3124.06005859375,3134.169921875,3119.030029296875,3120.35009765625,3120.35009765625,1662460000.0
^FTSE,2012-03-27,5902.7001953125,5941.89990234375,5863.7998046875,5869.60009765625,5869.60009765625,1257297400.0
^NSEI,2012-03-27,5242.9501953125,5277.9501953125,5184.64990234375,5243.14990234375,5243.14990234375,0.0
^BSESN,2012-03-27,17209.130859375,17366.83984375,17061.16015625,17257.359375,17257.359375,19000.0
^N225,2012-03-27,10152.900390625,10255.150390625,10152.25,10255.150390625,10255.150390625,161100000.0
000001.SS,2012-03-27,2358.544921875,2363.76611328125,2344.303955078125,2347.178955078125,2347.178955078125,60800.0
^N100,2012-03-27,656.72998046875,659.52001953125,649.5800170898438,650.3900146484375,650.3900146484375,255879400.0
^DJI,2012-03-27,13242.08984375,13264.98046875,13194.330078125,13197.73046875,13197.73046875,129280000.0
^GSPC,2012-03-27,1416.550048828125,1419.1500244140625,1411.949951171875,1412.52001953125,1412.52001953125,3513640000.0
GC=F,2012-03-27,1687.800048828125,1690.800048828125,1684.4000244140625,1684.800048828125,1684.800048828125,100.0
CL=F,2012-03-27,107.08999633789062,107.7300033569336,106.5199966430664,107.33000183105467,107.33000183105467,209036.0
^NYA,2012-03-28,8234.830078125,8239.8701171875,8138.240234375,8188.35009765625,8188.35009765625,3892800000.0
^IXIC,2012-03-28,3123.840087890625,3130.56005859375,3086.929931640625,3104.9599609375,3104.9599609375,1765680000.0
^FTSE,2012-03-28,5869.60009765625,5877.89990234375,5809.0,5809.0,5809.0,931498400.0
^NSEI,2012-03-28,5231.7001953125,5236.5498046875,5169.60009765625,5194.75,5194.75,0.0
^BSESN,2012-03-28,17234.48046875,17245.8203125,17040.119140625,17121.619140625,17121.619140625,13200.0
^N225,2012-03-28,10153.509765625,10197.7998046875,10124.2802734375,10182.5703125,10182.5703125,141100000.0
000001.SS,2012-03-28,2341.0029296875,2341.419921875,2281.43310546875,2284.881103515625,2284.881103515625,83600.0
^N100,2012-03-28,649.239990234375,652.760009765625,643.7100219726562,643.7100219726562,643.7100219726562,245052200.0
^DJI,2012-03-28,13195.3896484375,13212.6396484375,13069.259765625,13126.2099609375,13126.2099609375,141540000.0
^GSPC,2012-03-28,1412.52001953125,1413.6500244140625,1397.199951171875,1405.5400390625,1405.5400390625,3892800000.0
GC=F,2012-03-28,1670.0999755859375,1670.0999755859375,1657.9000244140625,1657.9000244140625,1657.9000244140625,193107.0
CL=F,2012-03-28,106.80999755859376,106.94000244140624,104.66999816894533,105.41000366210938,105.41000366210938,309064.0
^NYA,2012-03-29,8137.919921875,8171.91015625,8083.1201171875,8166.3701171875,8166.3701171875,3832000000.0
^IXIC,2012-03-29,3087.25,3099.800048828125,3069.81005859375,3095.360107421875,3095.360107421875,1756160000.0
^FTSE,2012-03-29,5809.0,5812.2001953125,5726.5,5742.0,5742.0,1084172100.0
^NSEI,2012-03-29,5145.9501953125,5194.2998046875,5135.9501953125,5178.85009765625,5178.85009765625,0.0
^BSESN,2012-03-29,17039.849609375,17109.349609375,16920.609375,17058.609375,17058.609375,11200.0
^N225,2012-03-29,10134.7802734375,10147.0400390625,10084.76953125,10114.7900390625,10114.7900390625,149300000.0
000001.SS,2012-03-29,2276.739990234375,2280.9580078125,2242.344970703125,2252.159912109375,2252.159912109375,74200.0
^N100,2012-03-29,643.3300170898438,644.6300048828125,633.9400024414062,635.0800170898438,635.0800170898438,282652200.0
^DJI,2012-03-29,13125.990234375,13151.5703125,13032.669921875,13145.8203125,13145.8203125,136250000.0
^GSPC,2012-03-29,1405.3900146484375,1405.3900146484375,1391.56005859375,1403.280029296875,1403.280029296875,3832000000.0
GC=F,2012-03-29,1661.800048828125,1664.5,1644.300048828125,1652.199951171875,1652.199951171875,47342.0
CL=F,2012-03-29,105.58000183105467,105.6999969482422,102.12999725341795,102.77999877929688,102.77999877929688,319988.0
^NYA,2012-03-30,8201.26953125,8220.990234375,8161.009765625,8206.9296875,8206.9296875,3676890000.0
^IXIC,2012-03-30,3110.969970703125,3111.550048828125,3079.050048828125,3091.570068359375,3091.570068359375,1833130000.0
^FTSE,2012-03-30,5742.0,5782.7001953125,5742.0,5768.5,5768.5,990170000.0
^NSEI,2012-03-30,5206.60009765625,5307.10009765625,5203.64990234375,5295.5498046875,5295.5498046875,0.0
^BSESN,2012-03-30,17117.41015625,17439.509765625,17105.220703125,17404.19921875,17404.19921875,25000.0
^N225,2012-03-30,10089.099609375,10111.08984375,10033.1904296875,10083.5595703125,10083.5595703125,137400000.0
000001.SS,2012-03-30,2256.0419921875,2266.2080078125,2246.2451171875,2262.7880859375,2262.7880859375,62000.0
^N100,2012-03-30,639.469970703125,642.9000244140625,638.030029296875,642.3099975585938,642.3099975585938,283122800.0
^DJI,2012-03-30,13147.9404296875,13224.490234375,13147.7802734375,13212.0400390625,13212.0400390625,171190000.0
^GSPC,2012-03-30,1403.31005859375,1410.8900146484375,1401.4200439453125,1408.469970703125,1408.469970703125,3676890000.0
GC=F,2012-03-30,1660.5999755859375,1670.0,1659.0,1669.300048828125,1669.300048828125,9825.0
CL=F,2012-03-30,103.29000091552734,104.1500015258789,102.77999877929688,103.0199966430664,103.0199966430664,244155.0
^NYA,2012-04-02,8206.9404296875,8305.6904296875,8182.14013671875,8281.1201171875,8281.1201171875,3572010000.0
^IXIC,2012-04-02,3085.93994140625,3123.030029296875,3079.780029296875,3119.699951171875,3119.699951171875,1768210000.0
^FTSE,2012-04-02,5768.5,5874.89990234375,5748.60009765625,5874.89990234375,5874.89990234375,886248600.0
^NSEI,2012-04-02,5296.35009765625,5331.5498046875,5278.7998046875,5317.89990234375,5317.89990234375,0.0
^BSESN,2012-04-02,17429.9609375,17529.98046875,17382.380859375,17478.150390625,17478.150390625,10000.0
^N225,2012-04-02,10161.7197265625,10190.349609375,10109.8701171875,10109.8701171875,10109.8701171875,151900000.0
^N100,2012-04-02,643.760009765625,648.9299926757812,637.969970703125,648.9299926757812,648.9299926757812,289415400.0
^DJI,2012-04-02,13211.3603515625,13297.1103515625,13153.6904296875,13264.490234375,13264.490234375,108790000.0
^GSPC,2012-04-02,1408.469970703125,1422.3800048828125,1404.4599609375,1419.0400390625,1419.0400390625,3572010000.0
GC=F,2012-04-02,1670.4000244140625,1682.800048828125,1662.0,1677.5,1677.5,2531.0
CL=F,2012-04-02,103.2699966430664,105.48999786376952,102.05999755859376,105.2300033569336,105.2300033569336,278097.0
^NYA,2012-04-03,8264.25,8264.5595703125,8168.85009765625,8216.5400390625,8216.5400390625,3822090000.0
^IXIC,2012-04-03,3119.64990234375,3128.25,3097.409912109375,3113.570068359375,3113.570068359375,1804950000.0
^FTSE,2012-04-03,5874.89990234375,5890.2001953125,5838.2998046875,5838.2998046875,5838.2998046875,896434000.0
^NSEI,2012-04-03,5353.2001953125,5378.75,5344.4501953125,5358.5,5358.5,0.0
^BSESN,2012-04-03,17576.2109375,17664.099609375,17478.150390625,17597.419921875,17597.419921875,10800.0
^N225,2012-04-03,10082.2099609375,10084.0703125,10040.990234375,10050.3896484375,10050.3896484375,112400000.0
^N100,2012-04-03,648.4400024414062,650.8599853515625,641.3400268554688,641.3400268554688,641.3400268554688,265223800.0
^DJI,2012-04-03,13258.9599609375,13265.3603515625,13131.2099609375,13199.5498046875,13199.5498046875,123980000.0
^GSPC,2012-04-03,1418.97998046875,1419.0,1404.6199951171875,1413.3800048828125,1413.3800048828125,3822090000.0
GC=F,2012-04-03,1677.5999755859375,1679.5,1638.699951171875,1670.0,1670.0,1165.0
CL=F,2012-04-03,105.04000091552734,105.18000030517578,103.58999633789062,104.01000213623048,104.01000213623048,245541.0
^NYA,2012-04-04,8135.22998046875,8138.490234375,8078.83984375,8106.830078125,8106.830078125,3938290000.0
^IXIC,2012-04-04,3085.4599609375,3086.35009765625,3052.580078125,3068.090087890625,3068.090087890625,1813150000.0
^FTSE,2012-04-04,5838.2998046875,5838.2998046875,5685.7001953125,5703.7998046875,5703.7998046875,1174203100.0
^NSEI,2012-04-04,5328.64990234375,5338.39990234375,5305.2998046875,5322.89990234375,5322.89990234375,0.0
^BSESN,2012-04-04,17553.259765625,17597.419921875,17436.599609375,17486.01953125,17486.01953125,9800.0
^N225,2012-04-04,10045.8798828125,10059.1904296875,9819.990234375,9819.990234375,9819.990234375,147800000.0
^N100,2012-04-04,639.1900024414062,639.5599975585938,623.510009765625,624.1699829101562,624.1699829101562,393059800.0
^DJI,2012-04-04,13198.1904296875,13198.1904296875,13020.8603515625,13074.75,13074.75,125000000.0
^GSPC,2012-04-04,1413.0899658203125,1413.0899658203125,1394.0899658203125,1398.9599609375,1398.9599609375,3938290000.0
GC=F,2012-04-04,1646.5,1647.0,1612.300048828125,1612.300048828125,1612.300048828125,1122.0
CL=F,2012-04-04,104.08999633789062,104.12000274658205,101.08000183105467,101.47000122070312,101.47000122070312,300729.0
^NYA,2012-04-05,8072.93994140625,8114.2998046875,8058.14990234375,8081.35009765625,8081.35009765625,3303740000.0
^IXIC,2012-04-05,3061.75,3083.3798828125,3061.139892578125,3080.5,3080.5,1548040000.0
^FTSE,2012-04-05,5703.7998046875,5731.7001953125,5663.2998046875,5723.7001953125,5723.7001953125,905682000.0
^N225,2012-04-05,9737.5,9806.400390625,9692.7001953125,9767.6103515625,9767.6103515625,165100000.0
000001.SS,2012-04-05,2258.031005859375,2303.823974609375,2251.39306640625,2302.240966796875,2302.240966796875,80200.0
^N100,2012-04-05,626.2899780273438,628.1300048828125,618.2899780273438,625.0,625.0,323691800.0
^DJI,2012-04-05,13067.1796875,13088.1103515625,13012.4599609375,13060.1396484375,13060.1396484375,109530000.0
^GSPC,2012-04-05,1398.7900390625,1401.5999755859375,1392.9200439453125,1398.0799560546875,1398.0799560546875,3303740000.0
GC=F,2012-04-05,1620.800048828125,1633.199951171875,1620.4000244140625,1628.5,1628.5,289.0
CL=F,2012-04-05,101.95999908447266,103.4000015258789,101.37000274658205,103.30999755859376,103.30999755859376,242903.0
^N225,2012-04-06,9710.25,9739.58984375,9659.16015625,9688.4501953125,9688.4501953125,118400000.0
000001.SS,2012-04-06,2299.053955078125,2309.638916015625,2291.55908203125,2306.552001953125,2306.552001953125,72200.0
^NYA,2012-04-09,7998.81982421875,8019.580078125,7969.31982421875,7992.31005859375,7992.31005859375,3468980000.0
^IXIC,2012-04-09,3037.280029296875,3058.760009765625,3032.219970703125,3047.080078125,3047.080078125,1371140000.0
^NSEI,2012-04-09,5282.5,5287.89990234375,5228.0,5234.39990234375,5234.39990234375,0.0
^BSESN,2012-04-09,17407.66015625,17486.01953125,17199.630859375,17222.140625,17222.140625,9800.0
^N225,2012-04-09,9565.3095703125,9618.099609375,9535.330078125,9546.259765625,9546.259765625,111600000.0
000001.SS,2012-04-09,2300.051025390625,2304.64990234375,2284.44189453125,2285.777099609375,2285.777099609375,59800.0
^DJI,2012-04-09,13057.5703125,13057.7197265625,12903.7802734375,12929.58984375,12929.58984375,105580000.0
^GSPC,2012-04-09,1397.449951171875,1397.449951171875,1378.239990234375,1382.199951171875,1382.199951171875,3468980000.0
GC=F,2012-04-09,1645.300048828125,1646.4000244140625,1636.5,1642.5,1642.5,158.0
CL=F,2012-04-09,102.52999877929688,102.5999984741211,100.80999755859376,102.45999908447266,102.45999908447266,205924.0
^NYA,2012-04-10,7970.0,7988.27001953125,7835.2900390625,7841.91015625,7841.91015625,4631730000.0
^IXIC,2012-04-10,3044.669921875,3055.199951171875,2987.0,2991.219970703125,2991.219970703125,1953600000.0
^FTSE,2012-04-10,5723.7001953125,5723.7001953125,5595.60009765625,5595.60009765625,5595.60009765625,1008933700.0
^NSEI,2012-04-10,5254.10009765625,5255.7998046875,5211.85009765625,5243.60009765625,5243.60009765625,0.0
^BSESN,2012-04-10,17259.259765625,17274.689453125,17135.759765625,17243.83984375,17243.83984375,10000.0
^N225,2012-04-10,9583.3603515625,9648.1201171875,9509.7197265625,9538.01953125,9538.01953125,134800000.0
000001.SS,2012-04-10,2281.02392578125,2306.386962890625,2258.85302734375,2305.863037109375,2305.863037109375,67400.0
^N100,2012-04-10,618.1900024414062,620.8599853515625,608.5999755859375,608.5999755859375,608.5999755859375,347039600.0
^DJI,2012-04-10,12929.4404296875,12929.58984375,12710.5595703125,12715.9296875,12715.9296875,159290000.0
^GSPC,2012-04-10,1382.1800537109375,1383.010009765625,1357.3800048828125,1358.5899658203125,1358.5899658203125,4631730000.0
GC=F,2012-04-10,1649.0,1661.699951171875,1636.199951171875,1659.5,1659.5,350.0
CL=F,2012-04-10,102.33000183105467,102.95999908447266,100.68000030517578,101.0199966430664,101.0199966430664,312927.0
^NYA,2012-04-11,7917.22021484375,7946.52978515625,7903.75,7912.85009765625,7912.85009765625,3743040000.0
^IXIC,2012-04-11,3020.14990234375,3030.510009765625,3008.75,3016.4599609375,3016.4599609375,1540890000.0
^FTSE,2012-04-11,5595.60009765625,5655.89990234375,5576.39990234375,5634.7001953125,5634.7001953125,1132327600.0
^NSEI,2012-04-11,5209.4501953125,5263.64990234375,5190.7998046875,5226.85009765625,5226.85009765625,0.0
^BSESN,2012-04-11,17125.9609375,17319.150390625,17075.890625,17199.400390625,17199.400390625,11800.0
^N225,2012-04-11,9398.599609375,9487.83984375,9388.1396484375,9458.740234375,9458.740234375,155800000.0
000001.SS,2012-04-11,2286.716064453125,2319.052978515625,2280.034912109375,2308.925048828125,2308.925048828125,75200.0
^N100,2012-04-11,607.7100219726562,617.5999755859375,606.1699829101562,613.3499755859375,613.3499755859375,342497800.0
^DJI,2012-04-11,12716.919921875,12844.8203125,12716.919921875,12805.3896484375,12805.3896484375,125210000.0
^GSPC,2012-04-11,1358.97998046875,1374.7099609375,1358.97998046875,1368.7099609375,1368.7099609375,3743040000.0
GC=F,2012-04-11,1654.800048828125,1659.699951171875,1654.699951171875,1659.0,1659.0,426.0
CL=F,2012-04-11,100.94000244140624,103.12999725341795,100.83999633789062,102.6999969482422,102.6999969482422,283008.0
^NYA,2012-04-12,7927.64013671875,8043.759765625,7925.4501953125,8039.9501953125,8039.9501953125,3618280000.0
^IXIC,2012-04-12,3023.110107421875,3059.260009765625,3020.43994140625,3055.550048828125,3055.550048828125,1480340000.0
^FTSE,2012-04-12,5634.7001953125,5727.89990234375,5602.60009765625,5710.5,5710.5,1115210000.0
^NSEI,2012-04-12,5246.75,5290.60009765625,5246.75,5276.85009765625,5276.85009765625,0.0
^BSESN,2012-04-12,17276.869140625,17395.150390625,17199.400390625,17332.619140625,17332.619140625,10200.0
^N225,2012-04-12,9486.1904296875,9541.0400390625,9449.490234375,9524.7900390625,9524.7900390625,134700000.0
000001.SS,2012-04-12,2310.48388671875,2351.054931640625,2307.841064453125,2350.864013671875,2350.864013671875,97600.0
^N100,2012-04-12,614.5599975585938,620.6699829101562,607.8900146484375,619.2999877929688,619.2999877929688,375311400.0
^DJI,2012-04-12,12806.4501953125,12986.9599609375,12806.2998046875,12986.580078125,12986.580078125,119780000.0
^GSPC,2012-04-12,1368.77001953125,1388.1300048828125,1368.77001953125,1387.5699462890625,1387.5699462890625,3618280000.0
GC=F,2012-04-12,1660.0,1680.0999755859375,1650.0,1679.5,1679.5,1309.0
CL=F,2012-04-12,102.5500030517578,104.23999786376952,102.38999938964844,103.63999938964844,103.63999938964844,271285.0
^NYA,2012-04-13,8013.009765625,8013.009765625,7929.9501953125,7931.08984375,7931.08984375,3631160000.0
^IXIC,2012-04-13,3045.080078125,3045.419921875,3010.77001953125,3011.330078125,3011.330078125,1483850000.0
^FTSE,2012-04-13,5710.5,5710.7998046875,5643.5,5651.7998046875,5651.7998046875,830223000.0
^NSEI,2012-04-13,5255.7001953125,5306.75,5185.39990234375,5207.4501953125,5207.4501953125,0.0
^BSESN,2012-04-13,17232.560546875,17398.220703125,17027.30078125,17094.509765625,17094.509765625,18400.0
^N225,2012-04-13,9613.1904296875,9690.2900390625,9603.9697265625,9637.990234375,9637.990234375,171400000.0
000001.SS,2012-04-13,2351.512939453125,2369.700927734375,2346.944091796875,2359.160888671875,2359.160888671875,98800.0
^N100,2012-04-13,618.1500244140625,620.25,606.0,607.8499755859375,607.8499755859375,322011000.0
^DJI,2012-04-13,12986.2001953125,12986.349609375,12845.2802734375,12849.58984375,12849.58984375,140990000.0
^GSPC,2012-04-13,1387.6099853515625,1387.6099853515625,1369.8499755859375,1370.260009765625,1370.260009765625,3631160000.0
GC=F,2012-04-13,1673.300048828125,1674.800048828125,1650.0,1659.0999755859375,1659.0999755859375,220.0
CL=F,2012-04-13,103.66000366210938,103.9000015258789,102.61000061035156,102.83000183105467,102.83000183105467,227259.0
^NYA,2012-04-16,7970.27978515625,7994.330078125,7916.3798828125,7949.56005859375,7949.56005859375,3574780000.0
^IXIC,2012-04-16,3027.570068359375,3027.570068359375,2975.8701171875,2988.39990234375,2988.39990234375,1594320000.0
^FTSE,2012-04-16,5651.7998046875,5708.0,5641.10009765625,5666.2998046875,5666.2998046875,1101926600.0
^NSEI,2012-04-16,5190.60009765625,5233.5,5183.5,5226.2001953125,5226.2001953125,0.0
^BSESN,2012-04-16,17047.869140625,17173.060546875,17010.16015625,17150.94921875,17150.94921875,9800.0
^N225,2012-04-16,9522.7001953125,9532.91015625,9464.490234375,9470.6396484375,9470.6396484375,113000000.0
000001.SS,2012-04-16,2346.306884765625,2364.111083984375,2342.198974609375,2357.02587890625,2357.02587890625,85400.0
^N100,2012-04-16,607.1599731445312,616.719970703125,606.1400146484375,610.25,610.25,321262600.0
^DJI,2012-04-16,12850.8798828125,12986.76953125,12850.7998046875,12921.41015625,12921.41015625,120990000.0
^GSPC,2012-04-16,1370.27001953125,1379.6600341796875,1365.3800048828125,1369.5699462890625,1369.5699462890625,3574780000.0
GC=F,2012-04-16,1650.800048828125,1656.800048828125,1641.199951171875,1648.699951171875,1648.699951171875,717.0
CL=F,2012-04-16,102.8000030517578,103.37000274658205,101.8000030517578,102.93000030517578,102.93000030517578,284959.0
^NYA,2012-04-17,8000.7900390625,8080.580078125,7992.39013671875,8064.0400390625,8064.0400390625,3456200000.0
^IXIC,2012-04-17,3002.02001953125,3052.760009765625,2999.489990234375,3042.820068359375,3042.820068359375,1555070000.0
^FTSE,2012-04-17,5666.2998046875,5773.7001953125,5651.5,5767.0,5767.0,856433000.0
^NSEI,2012-04-17,5266.60009765625,5298.2001953125,5208.35009765625,5289.7001953125,5289.7001953125,0.0
^BSESN,2012-04-17,17200.970703125,17381.919921875,17103.359375,17357.939453125,17357.939453125,12400.0
^N225,2012-04-17,9476.150390625,9519.7998046875,9455.3203125,9464.7099609375,9464.7099609375,109200000.0
000001.SS,2012-04-17,2355.368896484375,2363.012939453125,2333.341064453125,2334.985107421875,2334.985107421875,84600.0
^N100,2012-04-17,609.9099731445312,623.8900146484375,609.2000122070312,623.8300170898438,623.8300170898438,315006800.0
^DJI,2012-04-17,12921.7900390625,13131.3603515625,12921.7900390625,13115.5400390625,13115.5400390625,115320000.0
^GSPC,2012-04-17,1369.5699462890625,1392.760009765625,1369.5699462890625,1390.780029296875,1390.780029296875,3456200000.0
GC=F,2012-04-17,1652.0,1652.9000244140625,1637.0,1650.300048828125,1650.300048828125,69.0
CL=F,2012-04-17,103.1500015258789,105.06999969482422,102.66000366210938,104.1999969482422,104.1999969482422,244523.0
^NYA,2012-04-18,8029.1298828125,8058.080078125,8013.93017578125,8030.3701171875,8030.3701171875,3463140000.0
^IXIC,2012-04-18,3031.820068359375,3045.0400390625,3023.909912109375,3031.449951171875,3031.449951171875,1599470000.0
^FTSE,2012-04-18,5767.0,5783.89990234375,5730.89990234375,5745.2998046875,5745.2998046875,873962600.0
^NSEI,2012-04-18,5320.7001953125,5342.0,5293.4501953125,5300.0,5300.0,0.0
^BSESN,2012-04-18,17447.259765625,17522.80078125,17357.939453125,17392.390625,17392.390625,9800.0
^N225,2012-04-18,9594.2998046875,9682.8798828125,9594.2998046875,9667.259765625,9667.259765625,116800000.0
000001.SS,2012-04-18,2341.135009765625,2383.639892578125,2337.85595703125,2380.847900390625,2380.847900390625,108600.0
^N100,2012-04-18,623.1199951171875,623.8200073242188,614.47998046875,616.3499755859375,616.3499755859375,310887800.0
^DJI,2012-04-18,13114.5595703125,13114.5595703125,13027.490234375,13032.75,13032.75,113520000.0
^GSPC,2012-04-18,1390.780029296875,1390.780029296875,1383.2900390625,1385.1400146484375,1385.1400146484375,3463140000.0
GC=F,2012-04-18,1653.199951171875,1653.300048828125,1638.0999755859375,1638.800048828125,1638.800048828125,273.0
CL=F,2012-04-18,104.22000122070312,104.51000213623048,102.19000244140624,102.66999816894533,102.66999816894533,195812.0
^NYA,2012-04-19,8035.47998046875,8063.10009765625,7957.2001953125,7995.91015625,7995.91015625,4180020000.0
^IXIC,2012-04-19,3028.199951171875,3058.719970703125,2994.93994140625,3007.56005859375,3007.56005859375,1991120000.0
^FTSE,2012-04-19,5745.2998046875,5792.10009765625,5738.10009765625,5744.60009765625,5744.60009765625,958392100.0
^NSEI,2012-04-19,5320.60009765625,5342.4501953125,5291.2998046875,5332.39990234375,5332.39990234375,0.0
^BSESN,2012-04-19,17432.890625,17530.30078125,17361.7109375,17503.7109375,17503.7109375,11800.0
^N225,2012-04-19,9578.6796875,9617.9296875,9565.830078125,9588.3798828125,9588.3798828125,118800000.0
000001.SS,2012-04-19,2378.632080078125,2386.97802734375,2369.4580078125,2378.634033203125,2378.634033203125,94200.0
^N100,2012-04-19,618.2100219726562,622.8400268554688,607.1300048828125,607.1300048828125,607.1300048828125,387102000.0
^DJI,2012-04-19,13028.73046875,13080.2001953125,12896.8203125,12964.099609375,12964.099609375,139810000.0
^GSPC,2012-04-19,1385.0799560546875,1390.4599609375,1370.300048828125,1376.9200439453125,1376.9200439453125,4180020000.0
GC=F,2012-04-19,1642.0999755859375,1653.0999755859375,1632.0,1640.5999755859375,1640.5999755859375,77.0
CL=F,2012-04-19,102.7300033569336,103.20999908447266,101.66999816894533,102.2699966430664,102.2699966430664,91398.0
^NYA,2012-04-20,8030.240234375,8063.919921875,8023.27978515625,8025.43994140625,8025.43994140625,3833320000.0
^IXIC,2012-04-20,3023.72998046875,3034.68994140625,2999.010009765625,3000.449951171875,3000.449951171875,1935880000.0
^FTSE,2012-04-20,5744.60009765625,5775.7001953125,5724.2001953125,5772.2001953125,5772.2001953125,847833800.0
^NSEI,2012-04-20,5313.9501953125,5336.14990234375,5245.4501953125,5290.85009765625,5290.85009765625,0.0
^BSESN,2012-04-20,17459.720703125,17519.880859375,17231.33984375,17373.83984375,17373.83984375,11200.0
^N225,2012-04-20,9574.990234375,9580.8701171875,9532.6796875,9561.3603515625,9561.3603515625,109800000.0
000001.SS,2012-04-20,2374.662109375,2407.2939453125,2372.1298828125,2406.863037109375,2406.863037109375,115600.0
^N100,2012-04-20,607.3300170898438,610.5,603.4099731445312,608.3099975585938,608.3099975585938,371881800.0
^DJI,2012-04-20,12964.48046875,13082.5400390625,12964.25,13029.259765625,13029.259765625,212080000.0
^GSPC,2012-04-20,1376.9599609375,1387.4000244140625,1376.9599609375,1378.530029296875,1378.530029296875,3833320000.0
GC=F,2012-04-20,1641.699951171875,1645.5999755859375,1640.9000244140625,1642.0999755859375,1642.0999755859375,54.0
CL=F,2012-04-20,102.56999969482422,104.2699966430664,102.4499969482422,103.0500030517578,103.0500030517578,225790.0
^NYA,2012-04-23,7936.419921875,7945.419921875,7877.72021484375,7940.740234375,7940.740234375,3654860000.0
^IXIC,2012-04-23,2969.0,2973.3798828125,2946.0400390625,2970.449951171875,2970.449951171875,1767360000.0
^FTSE,2012-04-23,5772.2001953125,5772.2001953125,5637.7001953125,5665.60009765625,5665.60009765625,777185500.0
^NSEI,2012-04-23,5277.39990234375,5310.5498046875,5187.14990234375,5200.60009765625,5200.60009765625,0.0
^BSESN,2012-04-23,17347.759765625,17444.1796875,17056.76953125,17096.6796875,17096.6796875,13000.0
^N225,2012-04-23,9599.2001953125,9643.26953125,9520.98046875,9542.169921875,9542.169921875,101500000.0
000001.SS,2012-04-23,2403.52099609375,2411.510009765625,2383.068115234375,2388.587890625,2388.587890625,123000.0
^N100,2012-04-23,602.8699951171875,602.9199829101562,591.5599975585938,593.3099975585938,593.3099975585938,379454800.0
^DJI,2012-04-23,13028.2001953125,13028.2001953125,12845.580078125,12927.169921875,12927.169921875,139370000.0
^GSPC,2012-04-23,1378.530029296875,1378.530029296875,1358.7900390625,1366.93994140625,1366.93994140625,3654860000.0
GC=F,2012-04-23,1642.4000244140625,1642.4000244140625,1625.0999755859375,1631.9000244140625,1631.9000244140625,226.0
CL=F,2012-04-23,103.81999969482422,103.9000015258789,101.81999969482422,103.11000061035156,103.11000061035156,213202.0
^NYA,2012-04-24,7952.0400390625,8006.7099609375,7949.7099609375,7988.009765625,7988.009765625,3617100000.0
^IXIC,2012-04-24,2967.3701171875,2979.080078125,2950.3798828125,2961.60009765625,2961.60009765625,1690840000.0
^FTSE,2012-04-24,5665.60009765625,5714.2001953125,5658.5,5709.5,5709.5,807899200.0
^NSEI,2012-04-24,5215.89990234375,5232.35009765625,5180.35009765625,5222.64990234375,5222.64990234375,0.0
^BSESN,2012-04-24,17154.75,17247.529296875,17046.720703125,17207.2890625,17207.2890625,12400.0
^N225,2012-04-24,9466.080078125,9510.7001953125,9423.2998046875,9468.0400390625,9468.0400390625,106400000.0
000001.SS,2012-04-24,2380.236083984375,2415.75,2350.39892578125,2388.833984375,2388.833984375,133800.0
^N100,2012-04-24,596.1900024414062,604.3699951171875,594.6599731445312,603.3699951171875,603.3699951171875,304821200.0
^DJI,2012-04-24,12927.76953125,13050.2998046875,12926.490234375,13001.5595703125,13001.5595703125,134110000.0
^GSPC,2012-04-24,1366.969970703125,1375.5699462890625,1366.8199462890625,1371.969970703125,1371.969970703125,3617100000.0
GC=F,2012-04-24,1634.4000244140625,1648.5999755859375,1634.4000244140625,1643.0,1643.0,123.0
CL=F,2012-04-24,103.11000061035156,104.0999984741211,102.79000091552734,103.5500030517578,103.5500030517578,196136.0
^NYA,2012-04-25,8037.169921875,8072.5,8028.97998046875,8070.7900390625,8070.7900390625,3998430000.0
^IXIC,2012-04-25,3013.64990234375,3031.409912109375,3010.570068359375,3029.6298828125,3029.6298828125,1721330000.0
^FTSE,2012-04-25,5709.5,5745.0,5703.2001953125,5718.89990234375,5718.89990234375,859133200.0
^NSEI,2012-04-25,5222.2001953125,5236.10009765625,5160.64990234375,5202.0,5202.0,0.0
^BSESN,2012-04-25,17225.5390625,17249.609375,17019.240234375,17151.2890625,17151.2890625,11400.0
^N225,2012-04-25,9578.419921875,9582.73046875,9530.01953125,9561.009765625,9561.009765625,97500000.0
000001.SS,2012-04-25,2382.2109375,2411.4208984375,2376.625,2406.81298828125,2406.81298828125,131000.0
^N100,2012-04-25,604.8099975585938,616.5499877929688,604.239990234375,613.75,613.75,321251000.0
^DJI,2012-04-25,12997.6904296875,13105.7001953125,12993.599609375,13090.7197265625,13090.7197265625,135260000.0
^GSPC,2012-04-25,1372.1099853515625,1391.3699951171875,1372.1099853515625,1390.68994140625,1390.68994140625,3998430000.0
GC=F,2012-04-25,1641.300048828125,1643.800048828125,1626.9000244140625,1641.4000244140625,1641.4000244140625,82.0
CL=F,2012-04-25,103.76000213623048,104.56999969482422,103.11000061035156,104.12000274658205,104.12000274658205,276652.0
^NYA,2012-04-26,8051.14013671875,8132.06982421875,8041.66015625,8123.06982421875,8123.06982421875,4034700000.0
^IXIC,2012-04-26,3029.6201171875,3056.77001953125,3027.7900390625,3050.610107421875,3050.610107421875,1763510000.0
^FTSE,2012-04-26,5718.89990234375,5761.10009765625,5691.7001953125,5748.7001953125,5748.7001953125,879956100.0
^NSEI,2012-04-26,5214.75,5215.60009765625,5179.0498046875,5189.0,5189.0,0.0
^BSESN,2012-04-26,17191.01953125,17193.25,17084.05078125,17130.669921875,17130.669921875,10800.0
^N225,2012-04-26,9613.16015625,9630.9697265625,9531.0302734375,9561.830078125,9561.830078125,104900000.0
000001.SS,2012-04-26,2408.55810546875,2414.7529296875,2393.264892578125,2404.697021484375,2404.697021484375,115600.0
^N100,2012-04-26,614.8400268554688,619.2000122070312,609.6699829101562,615.489990234375,615.489990234375,380578600.0
^DJI,2012-04-26,13090.1103515625,13227.8203125,13075.9599609375,13204.6201171875,13204.6201171875,107570000.0
^GSPC,2012-04-26,1390.6400146484375,1402.0899658203125,1387.280029296875,1399.97998046875,1399.97998046875,4034700000.0
GC=F,2012-04-26,1658.300048828125,1659.5999755859375,1658.300048828125,1659.5999755859375,1659.5999755859375,280.0
CL=F,2012-04-26,103.95999908447266,104.91999816894533,103.83999633789062,104.5500030517578,104.5500030517578,192832.0
^NYA,2012-04-27,8143.5400390625,8164.14990234375,8107.72998046875,8151.91015625,8151.91015625,3645830000.0
^IXIC,2012-04-27,3060.340087890625,3076.43994140625,3043.300048828125,3069.199951171875,3069.199951171875,1777750000.0
^FTSE,2012-04-27,5748.7001953125,5789.0,5708.0,5777.10009765625,5777.10009765625,812249700.0
^NSEI,2012-04-27,5189.0,5223.0498046875,5154.2998046875,5190.60009765625,5190.60009765625,0.0
^BSESN,2012-04-27,17145.390625,17242.150390625,17022.08984375,17134.25,17134.25,11000.0
^N225,2012-04-27,9564.400390625,9691.7001953125,9463.599609375,9520.8896484375,9520.8896484375,165500000.0
000001.SS,2012-04-27,2402.430908203125,2408.419921875,2393.866943359375,2396.31591796875,2396.31591796875,91200.0
^N100,2012-04-27,608.6099853515625,621.8300170898438,605.75,619.4000244140625,619.4000244140625,328473400.0
^DJI,2012-04-27,13204.7001953125,13266.6796875,13192.2099609375,13228.3095703125,13228.3095703125,110850000.0
^GSPC,2012-04-27,1400.18994140625,1406.6400146484375,1397.31005859375,1403.3599853515625,1403.3599853515625,3645830000.0
GC=F,2012-04-27,1654.5,1666.9000244140625,1654.0,1664.0,1664.0,236.0
CL=F,2012-04-27,104.0999984741211,105.0,103.73999786376952,104.93000030517578,104.93000030517578,182104.0
^NYA,2012-04-30,8132.9501953125,8133.9599609375,8093.93994140625,8119.06005859375,8119.06005859375,3574010000.0
^IXIC,2012-04-30,3060.06005859375,3063.659912109375,3043.25,3046.360107421875,3046.360107421875,1633170000.0
^FTSE,2012-04-30,5777.10009765625,5793.0,5728.89990234375,5737.7998046875,5737.7998046875,784967000.0
^NSEI,2012-04-30,5201.4501953125,5262.14990234375,5201.4501953125,5248.14990234375,5248.14990234375,0.0
^BSESN,2012-04-30,17195.509765625,17359.1796875,17187.33984375,17318.810546875,17318.810546875,8400.0
^N100,2012-04-30,620.1300048828125,620.489990234375,611.6500244140625,612.5800170898438,612.5800170898438,243480200.0
^DJI,2012-04-30,13228.3095703125,13228.759765625,13176.009765625,13213.6298828125,13213.6298828125,127870000.0
^GSPC,2012-04-30,1403.260009765625,1403.260009765625,1394.0,1397.9100341796875,1397.9100341796875,3574010000.0
GC=F,2012-04-30,1663.0,1665.699951171875,1653.0,1663.4000244140625,1663.4000244140625,36.0
CL=F,2012-04-30,104.93000030517578,105.16000366210938,103.87999725341795,104.87000274658205,104.87000274658205,211453.0
^NYA,2012-05-01,8115.06005859375,8211.650390625,8104.83984375,8164.0400390625,8164.0400390625,3807950000.0
^IXIC,2012-05-01,3044.7900390625,3085.39990234375,3041.6201171875,3050.43994140625,3050.43994140625,1854230000.0
^FTSE,2012-05-01,5737.7998046875,5819.0,5732.2001953125,5812.2001953125,5812.2001953125,653605400.0
^N225,2012-05-01,9471.66015625,9472.25,9332.7900390625,9350.9501953125,9350.9501953125,117900000.0
^DJI,2012-05-01,13214.16015625,13338.66015625,13174.650390625,13279.3203125,13279.3203125,123400000.0
^GSPC,2012-05-01,1397.8599853515625,1415.3199462890625,1395.72998046875,1405.8199462890625,1405.8199462890625,3807950000.0
GC=F,2012-05-01,1665.0,1670.5,1661.699951171875,1661.699951171875,1661.699951171875,25.0
CL=F,2012-05-01,104.88999938964844,106.43000030517578,104.38999938964844,106.16000366210938,106.16000366210938,245921.0
^NYA,2012-05-02,8164.02001953125,8164.02001953125,8074.6298828125,8124.31982421875,8124.31982421875,3803860000.0
^IXIC,2012-05-02,3035.070068359375,3061.469970703125,3028.93994140625,3059.85009765625,3059.85009765625,1825190000.0
^FTSE,2012-05-02,5812.2001953125,5819.89990234375,5736.7001953125,5758.10009765625,5758.10009765625,962324800.0
^NSEI,2012-05-02,5254.2998046875,5279.60009765625,5226.4501953125,5239.14990234375,5239.14990234375,0.0
^BSESN,2012-05-02,17370.9296875,17432.330078125,17265.48046875,17301.91015625,17301.91015625,9400.0
^N225,2012-05-02,9397.8701171875,9417.9599609375,9344.5302734375,9380.25,9380.25,94500000.0
000001.SS,2012-05-02,2421.08203125,2446.35009765625,2407.7880859375,2438.43603515625,2438.43603515625,128000.0
^N100,2012-05-02,621.1099853515625,622.1199951171875,611.739990234375,614.72998046875,614.72998046875,304383600.0
^DJI,2012-05-02,13278.1103515625,13278.1103515625,13192.2099609375,13268.5703125,13268.5703125,100770000.0
^GSPC,2012-05-02,1405.5,1405.5,1393.9200439453125,1402.31005859375,1402.31005859375,3803860000.0
GC=F,2012-05-02,1659.199951171875,1659.199951171875,1648.300048828125,1653.4000244140625,1653.4000244140625,50.0
CL=F,2012-05-02,105.9800033569336,106.0500030517578,104.91000366210938,105.22000122070312,105.22000122070312,256649.0
^NYA,2012-05-03,8123.02001953125,8126.2900390625,8035.06982421875,8049.89013671875,8049.89013671875,4004910000.0
^IXIC,2012-05-03,3061.1298828125,3061.3798828125,3016.199951171875,3024.300048828125,3024.300048828125,1869130000.0
^FTSE,2012-05-03,5758.10009765625,5800.7998046875,5745.2001953125,5766.60009765625,5766.60009765625,788566200.0
^NSEI,2012-05-03,5211.2001953125,5217.2998046875,5180.64990234375,5188.39990234375,5188.39990234375,0.0
^BSESN,2012-05-03,17271.76953125,17301.91015625,17120.859375,17151.189453125,17151.189453125,8600.0
000001.SS,2012-05-03,2433.589111328125,2441.952880859375,2427.72802734375,2440.080078125,2440.080078125,102200.0
^N100,2012-05-03,617.7999877929688,622.8400268554688,612.719970703125,615.3800048828125,615.3800048828125,290187200.0
^DJI,2012-05-03,13267.58984375,13284.08984375,13175.6396484375,13206.58984375,13206.58984375,102090000.0
^GSPC,2012-05-03,1402.3199462890625,1403.0699462890625,1388.7099609375,1391.5699462890625,1391.5699462890625,4004910000.0
GC=F,2012-05-03,1651.199951171875,1652.199951171875,1631.300048828125,1634.199951171875,1634.199951171875,78.0
CL=F,2012-05-03,105.38999938964844,105.41999816894533,102.36000061035156,102.54000091552734,102.54000091552734,316883.0
^NYA,2012-05-04,8030.02978515625,8030.02978515625,7921.0,7933.2900390625,7933.2900390625,3975140000.0
^IXIC,2012-05-04,3001.14990234375,3001.47998046875,2956.340087890625,2956.340087890625,2956.340087890625,1944010000.0
^FTSE,2012-05-04,5766.60009765625,5766.60009765625,5639.7998046875,5655.10009765625,5655.10009765625,1013188100.0
^NSEI,2012-05-04,5166.64990234375,5177.2001953125,5070.60009765625,5086.85009765625,5086.85009765625,0.0
^BSESN,2012-05-04,17066.83984375,17151.189453125,16776.720703125,16831.080078125,16831.080078125,11000.0
000001.SS,2012-05-04,2437.465087890625,2453.73095703125,2427.968994140625,2452.013916015625,2452.013916015625,102200.0
^N100,2012-05-04,614.1900024414062,615.97998046875,602.72998046875,604.219970703125,604.219970703125,316840400.0
^DJI,2012-05-04,13204.6201171875,13205.0,13022.33984375,13038.26953125,13038.26953125,113790000.0
^GSPC,2012-05-04,1391.510009765625,1391.510009765625,1367.9599609375,1369.0999755859375,1369.0999755859375,3975140000.0
GC=F,2012-05-04,1635.699951171875,1645.5999755859375,1629.4000244140625,1644.699951171875,1644.699951171875,68.0
CL=F,2012-05-04,102.58999633789062,102.72000122070312,97.51000213623048,98.48999786376952,98.48999786376952,443060.0
^NYA,2012-05-07,7907.580078125,7964.16015625,7905.18994140625,7948.77001953125,7948.77001953125,3559390000.0
^IXIC,2012-05-07,2940.409912109375,2970.199951171875,2939.2099609375,2957.760009765625,2957.760009765625,1740430000.0
^NSEI,2012-05-07,5017.7998046875,5124.75,4988.0,5114.14990234375,5114.14990234375,0.0
^BSESN,2012-05-07,16620.439453125,16944.130859375,16513.76953125,16912.7109375,16912.7109375,11400.0
^N225,2012-05-07,9198.169921875,9206.4501953125,9109.009765625,9119.1396484375,9119.1396484375,133000000.0
000001.SS,2012-05-07,2441.757080078125,2451.947021484375,2432.736083984375,2451.947021484375,2451.947021484375,108800.0
^N100,2012-05-07,595.489990234375,614.02001953125,594.8300170898438,613.0800170898438,613.0800170898438,261552200.0
^DJI,2012-05-07,13035.849609375,13049.08984375,12970.0,13008.5302734375,13008.5302734375,110080000.0
^GSPC,2012-05-07,1368.7900390625,1373.9100341796875,1363.93994140625,1369.5799560546875,1369.5799560546875,3559390000.0
GC=F,2012-05-07,1637.9000244140625,1640.0,1632.5999755859375,1638.5999755859375,1638.5999755859375,21.0
CL=F,2012-05-07,98.0500030517578,98.23999786376952,95.33999633789062,97.94000244140624,97.94000244140624,300474.0
^NYA,2012-05-08,7901.14013671875,7901.14013671875,7800.89990234375,7887.259765625,7887.259765625,4261670000.0
^IXIC,2012-05-08,2939.360107421875,2952.64990234375,2900.06005859375,2946.27001953125,2946.27001953125,2175840000.0
^FTSE,2012-05-08,5655.10009765625,5668.10009765625,5550.10009765625,5554.60009765625,5554.60009765625,1052975800.0
^NSEI,2012-05-08,5114.7001953125,5119.9501953125,4983.60009765625,4999.9501953125,4999.9501953125,0.0
^BSESN,2012-05-08,16915.7109375,16918.310546875,16502.91015625,16546.1796875,16546.1796875,12800.0
^N225,2012-05-08,9190.5,9207.5595703125,9159.4697265625,9181.650390625,9181.650390625,112400000.0
000001.SS,2012-05-08,2451.574951171875,2451.597900390625,2431.02490234375,2448.884033203125,2448.884033203125,104800.0
^N100,2012-05-08,609.0499877929688,610.9400024414062,597.0900268554688,599.1799926757812,599.1799926757812,363168000.0
^DJI,2012-05-08,13000.73046875,13000.73046875,12810.3896484375,12932.08984375,12932.08984375,138620000.0
^GSPC,2012-05-08,1369.1600341796875,1369.1600341796875,1347.75,1363.719970703125,1363.719970703125,4261670000.0
GC=F,2012-05-08,1636.699951171875,1636.699951171875,1596.0,1604.0,1604.0,154.0
CL=F,2012-05-08,97.95999908447266,98.12000274658205,95.5199966430664,97.01000213623048,97.01000213623048,333767.0
^NYA,2012-05-09,7802.52001953125,7871.5498046875,7749.41015625,7820.25,7820.25,4288540000.0
^IXIC,2012-05-09,2912.409912109375,2948.77001953125,2900.179931640625,2934.7099609375,2934.7099609375,2047090000.0
^FTSE,2012-05-09,5554.60009765625,5571.7001953125,5464.39990234375,5530.10009765625,5530.10009765625,1006218000.0
^NSEI,2012-05-09,4967.89990234375,5016.25,4956.4501953125,4974.7998046875,4974.7998046875,0.0
^BSESN,2012-05-09,16436.41015625,16615.740234375,16422.9296875,16479.580078125,16479.580078125,12400.0
^N225,2012-05-09,9112.7197265625,9115.9404296875,9021.2001953125,9045.0595703125,9045.0595703125,131600000.0
000001.SS,2012-05-09,2432.471923828125,2432.471923828125,2407.509033203125,2408.5859375,2408.5859375,98000.0
^N100,2012-05-09,600.5900268554688,602.2100219726562,590.72998046875,598.010009765625,598.010009765625,342538000.0
^DJI,2012-05-09,12921.8095703125,12921.8095703125,12748.48046875,12835.0595703125,12835.0595703125,147460000.0
^GSPC,2012-05-09,1363.199951171875,1363.72998046875,1343.1300048828125,1354.5799560546875,1354.5799560546875,4288540000.0
GC=F,2012-05-09,1595.300048828125,1595.300048828125,1586.300048828125,1593.699951171875,1593.699951171875,30.0
CL=F,2012-05-09,97.37999725341795,97.38999938964844,95.16999816894533,96.80999755859376,96.80999755859376,332865.0
^NYA,2012-05-10,7871.81005859375,7902.22998046875,7838.25,7852.75,7852.75,3727990000.0
^IXIC,2012-05-10,2950.2099609375,2950.2099609375,2923.139892578125,2933.639892578125,2933.639892578125,2004150000.0
^FTSE,2012-05-10,5530.10009765625,5566.10009765625,5490.5,5544.0,5544.0,847647600.0
^NSEI,2012-05-10,4984.14990234375,5039.2998046875,4950.2998046875,4965.7001953125,4965.7001953125,0.0
^BSESN,2012-05-10,16515.619140625,16671.810546875,16377.01953125,16420.05078125,16420.05078125,10800.0
^N225,2012-05-10,9013.259765625,9075.6298828125,8985.900390625,9009.650390625,9009.650390625,141500000.0
000001.SS,2012-05-10,2409.945068359375,2419.12109375,2402.2041015625,2410.22900390625,2410.22900390625,81600.0
^N100,2012-05-10,601.77001953125,602.5499877929688,590.3599853515625,600.1500244140625,600.1500244140625,363638800.0
^DJI,2012-05-10,12831.580078125,12931.7099609375,12820.2998046875,12855.0400390625,12855.0400390625,151650000.0
^GSPC,2012-05-10,1354.5799560546875,1365.8800048828125,1354.5799560546875,1357.989990234375,1357.989990234375,3727990000.0
GC=F,2012-05-10,1594.199951171875,1595.0999755859375,1592.4000244140625,1595.0999755859375,1595.0999755859375,6.0
CL=F,2012-05-10,96.4499969482422,97.69000244140624,96.08000183105467,97.08000183105467,97.08000183105467,282314.0
^NYA,2012-05-11,7799.60986328125,7886.56005859375,7787.6201171875,7815.8798828125,7815.8798828125,3869070000.0
^IXIC,2012-05-11,2919.35009765625,2960.3798828125,2918.739990234375,2933.820068359375,2933.820068359375,1735380000.0
^FTSE,2012-05-11,5544.0,5585.5,5499.2998046875,5575.5,5575.5,772576800.0
^NSEI,2012-05-11,4938.85009765625,4976.25,4906.14990234375,4928.89990234375,4928.89990234375,0.0
^BSESN,2012-05-11,16355.58984375,16447.240234375,16233.759765625,16292.98046875,16292.98046875,11200.0
^N225,2012-05-11,9019.400390625,9050.6103515625,8944.6298828125,8953.3095703125,8953.3095703125,143400000.0
000001.SS,2012-05-11,2406.073974609375,2415.97705078125,2393.3779296875,2394.98193359375,2394.98193359375,74800.0
^N100,2012-05-11,595.1199951171875,602.2999877929688,592.47998046875,601.5399780273438,601.5399780273438,283162600.0
^DJI,2012-05-11,12851.7900390625,12918.009765625,12779.2802734375,12820.599609375,12820.599609375,148370000.0
^GSPC,2012-05-11,1358.1099853515625,1365.6600341796875,1348.8900146484375,1353.3900146484375,1353.3900146484375,3869070000.0
GC=F,2012-05-11,1586.0999755859375,1589.5999755859375,1583.5999755859375,1583.5999755859375,1583.5999755859375,6.0
CL=F,2012-05-11,96.52999877929688,97.1999969482422,95.55999755859376,96.12999725341795,96.12999725341795,260539.0
^NYA,2012-05-14,7739.43017578125,7754.259765625,7699.64013671875,7705.43994140625,7705.43994140625,3688120000.0
^IXIC,2012-05-14,2907.780029296875,2924.889892578125,2898.89990234375,2902.580078125,2902.580078125,1683460000.0
^FTSE,2012-05-14,5575.5,5575.7001953125,5436.7001953125,5465.5,5465.5,883929300.0
^NSEI,2012-05-14,4934.35009765625,4957.2001953125,4874.5,4907.7998046875,4907.7998046875,0.0
^BSESN,2012-05-14,16318.3603515625,16390.330078125,16124.8203125,16215.83984375,16215.83984375,11000.0
^N225,2012-05-14,8986.2197265625,9031.08984375,8947.8203125,8973.83984375,8973.83984375,112700000.0
000001.SS,2012-05-14,2408.261962890625,2411.27099609375,2377.98291015625,2380.72509765625,2380.72509765625,90600.0
^N100,2012-05-14,596.1599731445312,596.239990234375,585.6500244140625,588.8099975585938,588.8099975585938,305591200.0
^DJI,2012-05-14,12818.490234375,12818.8603515625,12661.48046875,12695.349609375,12695.349609375,143190000.0
^GSPC,2012-05-14,1351.9300537109375,1351.9300537109375,1336.6099853515625,1338.3499755859375,1338.3499755859375,3688120000.0
GC=F,2012-05-14,1563.0,1563.0999755859375,1555.5,1560.5999755859375,1560.5999755859375,5.0
CL=F,2012-05-14,95.79000091552734,95.83000183105467,93.6500015258789,94.77999877929688,94.77999877929688,251994.0
^NYA,2012-05-15,7696.009765625,7714.83984375,7621.64013671875,7635.81005859375,7635.81005859375,4114040000.0
^IXIC,2012-05-15,2902.300048828125,2930.679931640625,2889.389892578125,2893.760009765625,2893.760009765625,1826210000.0
^FTSE,2012-05-15,5465.5,5507.7001953125,5411.7998046875,5437.60009765625,5437.60009765625,876368200.0
^NSEI,2012-05-15,4869.85009765625,4955.2001953125,4868.5498046875,4942.7998046875,4942.7998046875,0.0
^BSESN,2012-05-15,16146.900390625,16370.1201171875,16123.0400390625,16328.25,16328.25,11400.0
^N225,2012-05-15,8910.849609375,8930.7802734375,8838.7802734375,8900.740234375,8900.740234375,144900000.0
000001.SS,2012-05-15,2367.0830078125,2376.593994140625,2354.614013671875,2374.843017578125,2374.843017578125,78000.0
^N100,2012-05-15,592.469970703125,595.780029296875,582.030029296875,585.2999877929688,585.2999877929688,326485800.0
^DJI,2012-05-15,12695.0498046875,12758.4296875,12608.16015625,12632.0,12632.0,156060000.0
^GSPC,2012-05-15,1338.3599853515625,1344.93994140625,1328.4100341796875,1330.6600341796875,1330.6600341796875,4114040000.0
GC=F,2012-05-15,1555.4000244140625,1558.300048828125,1542.4000244140625,1556.800048828125,1556.800048828125,28.0
CL=F,2012-05-15,93.91000366210938,95.4800033569336,93.0199966430664,93.9800033569336,93.9800033569336,284712.0
^NYA,2012-05-16,7656.77001953125,7701.68017578125,7592.759765625,7592.81982421875,7592.81982421875,4280420000.0
^IXIC,2012-05-16,2904.669921875,2913.89990234375,2872.25,2874.0400390625,2874.0400390625,1933900000.0
^FTSE,2012-05-16,5437.60009765625,5448.39990234375,5354.0,5405.2998046875,5405.2998046875,1026459500.0
^NSEI,2012-05-16,4875.2998046875,4882.25,4837.0498046875,4858.25,4858.25,0.0
^BSESN,2012-05-16,16132.6796875,16328.25,15974.599609375,16030.08984375,16030.08984375,12800.0
^N225,2012-05-16,8865.7802734375,8883.73046875,8756.0703125,8801.169921875,8801.169921875,145300000.0
000001.SS,2012-05-16,2369.2939453125,2372.031982421875,2344.5,2346.19189453125,2346.19189453125,76800.0
^N100,2012-05-16,581.469970703125,590.5599975585938,578.5599975585938,585.4199829101562,585.4199829101562,367598200.0
^DJI,2012-05-16,12617.3203125,12722.6298828125,12597.33984375,12598.5498046875,12598.5498046875,143130000.0
^GSPC,2012-05-16,1330.780029296875,1341.780029296875,1324.7900390625,1324.800048828125,1324.800048828125,4280420000.0
GC=F,2012-05-16,1541.4000244140625,1541.4000244140625,1528.5,1536.199951171875,1536.199951171875,26.0
CL=F,2012-05-16,93.16000366210938,94.16000366210938,91.80999755859376,92.80999755859376,92.80999755859376,308371.0
^NYA,2012-05-17,7588.22021484375,7595.68994140625,7480.41015625,7480.419921875,7480.419921875,4664280000.0
^IXIC,2012-05-17,2874.7099609375,2879.219970703125,2813.68994140625,2813.68994140625,2813.68994140625,2016980000.0
^FTSE,2012-05-17,5405.2998046875,5413.2998046875,5309.7998046875,5338.39990234375,5338.39990234375,894671500.0
^NSEI,2012-05-17,4878.60009765625,4922.25,4850.2001953125,4870.2001953125,4870.2001953125,0.0
^BSESN,2012-05-17,16119.080078125,16240.1796875,16007.919921875,16070.48046875,16070.48046875,12800.0
^N225,2012-05-17,8789.4697265625,8885.080078125,8765.7099609375,8876.58984375,8876.58984375,160100000.0
000001.SS,2012-05-17,2347.177001953125,2383.305908203125,2342.35205078125,2378.885986328125,2378.885986328125,86800.0
^N100,2012-05-17,586.5800170898438,587.0399780273438,576.3599853515625,578.27001953125,578.27001953125,265066000.0
^DJI,2012-05-17,12598.3203125,12611.419921875,12440.51953125,12442.490234375,12442.490234375,147430000.0
^GSPC,2012-05-17,1324.8199462890625,1326.3599853515625,1304.8599853515625,1304.8599853515625,1304.8599853515625,4664280000.0
GC=F,2012-05-17,1546.9000244140625,1579.0,1546.9000244140625,1574.5,1574.5,51.0
CL=F,2012-05-17,92.7699966430664,93.87999725341795,92.08999633789062,92.55999755859376,92.55999755859376,280073.0
^NYA,2012-05-18,7503.759765625,7521.1201171875,7408.9599609375,7427.740234375,7427.740234375,4512470000.0
^IXIC,2012-05-18,2814.429931640625,2827.280029296875,2774.449951171875,2778.7900390625,2778.7900390625,2692450000.0
^FTSE,2012-05-18,5338.39990234375,5338.39990234375,5256.60009765625,5267.60009765625,5267.60009765625,1225450800.0
^NSEI,2012-05-18,4796.39990234375,4908.5,4788.9501953125,4891.4501953125,4891.4501953125,0.0
^BSESN,2012-05-18,15868.0703125,16206.349609375,15809.7099609375,16152.75,16152.75,14000.0
^N225,2012-05-18,8727.580078125,8735.5400390625,8588.16015625,8611.3095703125,8611.3095703125,155100000.0
000001.SS,2012-05-18,2364.89892578125,2369.597900390625,2338.240966796875,2344.52099609375,2344.52099609375,89600.0
^N100,2012-05-18,573.5,579.9600219726562,570.8400268554688,575.0800170898438,575.0800170898438,367065800.0
^DJI,2012-05-18,12443.01953125,12492.9697265625,12336.759765625,12369.3798828125,12369.3798828125,240720000.0
^GSPC,2012-05-18,1305.050048828125,1312.239990234375,1291.97998046875,1295.219970703125,1295.219970703125,4512470000.0
GC=F,2012-05-18,1573.699951171875,1591.5999755859375,1568.199951171875,1591.5999755859375,1591.5999755859375,26.0
CL=F,2012-05-18,92.86000061035156,92.87999725341795,90.93000030517578,91.4800033569336,91.4800033569336,211749.0
^NYA,2012-05-21,7443.8701171875,7543.60986328125,7438.72998046875,7542.97998046875,7542.97998046875,3786750000.0
^IXIC,2012-05-21,2782.550048828125,2848.830078125,2774.760009765625,2847.2099609375,2847.2099609375,1870420000.0
^FTSE,2012-05-21,5267.60009765625,5324.39990234375,5253.89990234375,5304.5,5304.5,914314900.0
^BSESN,2012-05-21,16187.66015625,16298.3896484375,16149.6103515625,16183.259765625,16183.259765625,10400.0
^N225,2012-05-21,8617.919921875,8676.2001953125,8608.6201171875,8633.8896484375,8633.8896484375,110800000.0
000001.SS,2012-05-21,2343.574951171875,2360.385986328125,2330.324951171875,2348.300048828125,2348.300048828125,74800.0
^N100,2012-05-21,573.7999877929688,581.3200073242188,572.0499877929688,577.6599731445312,577.6599731445312,256793200.0
^DJI,2012-05-21,12369.150390625,12508.1103515625,12367.7197265625,12504.48046875,12504.48046875,142110000.0
^GSPC,2012-05-21,1295.72998046875,1316.3900146484375,1295.72998046875,1315.989990234375,1315.989990234375,3786750000.0
GC=F,2012-05-21,1591.9000244140625,1594.0999755859375,1588.4000244140625,1588.4000244140625,1588.4000244140625,32.0
CL=F,2012-05-21,91.2699966430664,93.05999755859376,90.83999633789062,92.56999969482422,92.56999969482422,107239.0
^NYA,2012-05-22,7555.2998046875,7616.52001953125,7506.990234375,7542.580078125,7542.580078125,4123680000.0
^IXIC,2012-05-22,2853.8701171875,2867.340087890625,2823.219970703125,2839.080078125,2839.080078125,1861850000.0
^FTSE,2012-05-22,5304.5,5408.7001953125,5304.5,5403.2998046875,5403.2998046875,931864300.0
^NSEI,2012-05-22,4954.7001953125,4956.35009765625,4849.89990234375,4860.5,4860.5,0.0
^BSESN,2012-05-22,16344.33984375,16366.7197265625,16000.83984375,16026.41015625,16026.41015625,11600.0
^N225,2012-05-22,8721.58984375,8740.48046875,8690.4697265625,8729.2900390625,8729.2900390625,111000000.0
000001.SS,2012-05-22,2355.73193359375,2374.055908203125,2354.867919921875,2373.305908203125,2373.305908203125,76800.0
^N100,2012-05-22,581.6400146484375,589.6300048828125,578.6400146484375,588.1599731445312,588.1599731445312,328204000.0
^DJI,2012-05-22,12505.3798828125,12575.9599609375,12447.330078125,12502.8095703125,12502.8095703125,133650000.0
^GSPC,2012-05-22,1316.0899658203125,1328.489990234375,1310.0400390625,1316.6300048828125,1316.6300048828125,4123680000.0
GC=F,2012-05-22,1575.699951171875,1578.0999755859375,1568.4000244140625,1576.300048828125,1576.300048828125,27.0
CL=F,2012-05-22,92.63999938964844,93.01000213623048,91.4000015258789,91.66000366210938,91.66000366210938,226226.0
^NYA,2012-05-23,7492.91015625,7547.06005859375,7404.89013671875,7540.89990234375,7540.89990234375,4108330000.0
^IXIC,2012-05-23,2832.169921875,2855.35009765625,2795.5,2850.1201171875,2850.1201171875,1929640000.0
^FTSE,2012-05-23,5403.2998046875,5403.7001953125,5262.89990234375,5266.39990234375,5266.39990234375,997826100.0
^NSEI,2012-05-23,4843.0,4853.75,4803.9501953125,4835.64990234375,4835.64990234375,0.0
^BSESN,2012-05-23,15995.1396484375,16026.41015625,15847.0302734375,15948.099609375,15948.099609375,11400.0
^N225,2012-05-23,8715.1396484375,8715.1396484375,8538.6904296875,8556.599609375,8556.599609375,142700000.0
000001.SS,2012-05-23,2369.264892578125,2378.076904296875,2350.548095703125,2363.43701171875,2363.43701171875,84200.0
^N100,2012-05-23,581.9299926757812,582.9299926757812,572.3499755859375,573.8599853515625,573.8599853515625,335280000.0
^DJI,2012-05-23,12501.51953125,12508.2998046875,12311.5595703125,12496.150390625,12496.150390625,152190000.0
^GSPC,2012-05-23,1316.02001953125,1320.7099609375,1296.530029296875,1318.8599853515625,1318.8599853515625,4108330000.0
GC=F,2012-05-23,1538.199951171875,1548.0999755859375,1534.4000244140625,1548.0999755859375,1548.0999755859375,6.0
CL=F,2012-05-23,91.54000091552734,91.72000122070312,89.27999877929688,89.9000015258789,89.9000015258789,275522.0
^NYA,2012-05-24,7558.7900390625,7573.43017578125,7487.68017578125,7552.33984375,7552.33984375,3937670000.0
^IXIC,2012-05-24,2856.550048828125,2858.239990234375,2817.6201171875,2839.3798828125,2839.3798828125,1750290000.0
^FTSE,2012-05-24,5266.39990234375,5371.7998046875,5266.39990234375,5350.10009765625,5350.10009765625,737282500.0
^NSEI,2012-05-24,4863.39990234375,4931.89990234375,4830.14990234375,4921.39990234375,4921.39990234375,0.0
^BSESN,2012-05-24,16033.900390625,16252.3701171875,15934.76953125,16222.2998046875,16222.2998046875,11000.0
^N225,2012-05-24,8537.990234375,8597.849609375,8496.6103515625,8563.3798828125,8563.3798828125,134200000.0
000001.SS,2012-05-24,2359.681884765625,2373.056884765625,2344.580078125,2350.972900390625,2350.972900390625,79200.0
^N100,2012-05-24,578.6400146484375,582.3499755859375,571.5399780273438,580.1900024414062,580.1900024414062,291524600.0
^DJI,2012-05-24,12491.91015625,12539.58984375,12419.6298828125,12529.75,12529.75,126810000.0
^GSPC,2012-05-24,1318.719970703125,1324.1400146484375,1310.5,1320.6800537109375,1320.6800537109375,3937670000.0
GC=F,2012-05-24,1559.0,1569.4000244140625,1551.5,1557.300048828125,1557.300048828125,23.0
CL=F,2012-05-24,90.52999877929688,91.5199966430664,89.80999755859375,90.66000366210938,90.66000366210938,231521.0
^NYA,2012-05-25,7543.330078125,7567.35986328125,7514.419921875,7534.330078125,7534.330078125,2872660000.0
^IXIC,2012-05-25,2839.739990234375,2846.31005859375,2829.760009765625,2837.530029296875,2837.530029296875,1282680000.0
^FTSE,2012-05-25,5350.10009765625,5385.2001953125,5312.2001953125,5351.5,5351.5,734363700.0
^NSEI,2012-05-25,4905.9501953125,4935.7998046875,4889.35009765625,4920.39990234375,4920.39990234375,0.0
^BSESN,2012-05-25,16213.240234375,16273.48046875,16118.349609375,16217.8203125,16217.8203125,9400.0
^N225,2012-05-25,8616.849609375,8616.849609375,8550.9296875,8580.3896484375,8580.3896484375,113600000.0
000001.SS,2012-05-25,2350.541015625,2355.80810546875,2327.407958984375,2333.552978515625,2333.552978515625,74000.0
^N100,2012-05-25,581.530029296875,585.47998046875,576.6099853515625,581.9099731445312,581.9099731445312,258385800.0
^DJI,2012-05-25,12530.740234375,12533.1201171875,12421.5302734375,12454.830078125,12454.830078125,93000000.0
^GSPC,2012-05-25,1320.81005859375,1324.199951171875,1314.22998046875,1317.8199462890625,1317.8199462890625,2872660000.0
GC=F,2012-05-25,1558.199951171875,1568.800048828125,1557.300048828125,1568.800048828125,1568.800048828125,7.0
CL=F,2012-05-25,90.79000091552734,91.31999969482422,90.1999969482422,90.86000061035156,90.86000061035156,153921.0
^NSEI,2012-05-28,4931.7001953125,4994.9501953125,4931.2998046875,4985.64990234375,4985.64990234375,0.0
^BSESN,2012-05-28,16289.8203125,16439.970703125,16217.8203125,16416.83984375,16416.83984375,8000.0
^N225,2012-05-28,8604.990234375,8624.509765625,8568.8701171875,8593.150390625,8593.150390625,97000000.0
000001.SS,2012-05-28,2325.31689453125,2361.743896484375,2309.072021484375,2361.366943359375,2361.366943359375,95000.0
^N100,2012-05-28,585.9199829101562,587.9400024414062,579.1199951171875,580.780029296875,580.780029296875,139811200.0
^NYA,2012-05-29,7583.39990234375,7634.64013671875,7565.91015625,7615.02978515625,7615.02978515625,3441640000.0
^IXIC,2012-05-29,2853.27001953125,2882.830078125,2846.679931640625,2870.989990234375,2870.989990234375,221430000.0
^FTSE,2012-05-29,5356.2998046875,5404.7001953125,5342.5,5391.10009765625,5391.10009765625,729588100.0
^NSEI,2012-05-29,5005.35009765625,5020.14990234375,4982.14990234375,4990.10009765625,4990.10009765625,0.0
^BSESN,2012-05-29,16500.0390625,16544.380859375,16410.2109375,16438.580078125,16438.580078125,8600.0
^N225,2012-05-29,8565.5595703125,8657.080078125,8517.1796875,8657.080078125,8657.080078125,129700000.0
000001.SS,2012-05-29,2361.0029296875,2393.279052734375,2358.3740234375,2389.635986328125,2389.635986328125,117200.0
^N100,2012-05-29,584.1099853515625,589.7100219726562,580.219970703125,587.5399780273438,587.5399780273438,248295800.0
^DJI,2012-05-29,12454.830078125,12611.6103515625,12454.599609375,12580.6904296875,12580.6904296875,107510000.0
^GSPC,2012-05-29,1318.9000244140625,1334.9300537109375,1318.9000244140625,1332.4200439453125,1332.4200439453125,3441640000.0
GC=F,2012-05-29,1574.699951171875,1582.5,1548.5999755859375,1548.5999755859375,1548.5999755859375,259050.0
CL=F,2012-05-29,91.0,92.20999908447266,90.25,90.76000213623048,90.76000213623048,262562.0
^NYA,2012-05-30,7543.35986328125,7543.35986328125,7463.740234375,7471.39990234375,7471.39990234375,3534290000.0
^IXIC,2012-05-30,2847.27001953125,2847.27001953125,2825.639892578125,2837.360107421875,2837.360107421875,1671040000.0
^FTSE,2012-05-30,5391.10009765625,5391.10009765625,5284.39990234375,5297.2998046875,5297.2998046875,863484700.0
^NSEI,2012-05-30,4964.25,4982.25,4944.89990234375,4950.75,4950.75,0.0
^BSESN,2012-05-30,16391.900390625,16438.580078125,16295.3095703125,16312.150390625,16312.150390625,13800.0
^N225,2012-05-30,8637.9501953125,8656.7099609375,8568.9697265625,8633.1904296875,8633.1904296875,119000000.0
000001.SS,2012-05-30,2385.39208984375,2391.69091796875,2378.133056640625,2384.66796875,2384.66796875,89800.0
^N100,2012-05-30,582.8099975585938,586.9099731445312,575.1400146484375,576.9299926757812,576.9299926757812,233913200.0
^DJI,2012-05-30,12579.01953125,12579.099609375,12396.400390625,12419.8603515625,12419.8603515625,122830000.0
^GSPC,2012-05-30,1331.25,1331.25,1310.760009765625,1313.3199462890625,1313.3199462890625,3534290000.0
GC=F,2012-05-30,1553.9000244140625,1569.0,1530.4000244140625,1563.4000244140625,1563.4000244140625,79887.0
CL=F,2012-05-30,90.86000061035156,90.91999816894533,87.2699966430664,87.81999969482422,87.81999969482422,297197.0
^NYA,2012-05-31,7477.68994140625,7512.52001953125,7387.4501953125,7463.9599609375,7463.9599609375,4557620000.0
^IXIC,2012-05-31,2837.3701171875,2842.429931640625,2801.9599609375,2827.340087890625,2827.340087890625,2180130000.0
^FTSE,2012-05-31,5297.2998046875,5352.10009765625,5272.7001953125,5320.89990234375,5320.89990234375,1398519800.0
^NSEI,2012-05-31,4896.10009765625,4924.25,4894.4501953125,4924.25,4924.25,0.0
^BSESN,2012-05-31,16224.8603515625,16312.150390625,16086.0595703125,16218.5302734375,16218.5302734375,16000.0
^N225,2012-05-31,8499.6796875,8542.73046875,8455.1298828125,8542.73046875,8542.73046875,162800000.0
000001.SS,2012-05-31,2370.007080078125,2382.989013671875,2362.31298828125,2372.23388671875,2372.23388671875,77800.0
^N100,2012-05-31,578.8400268554688,581.4500122070312,571.47998046875,576.8099975585938,576.8099975585938,211423800.0
^DJI,2012-05-31,12414.41015625,12489.8701171875,12316.48046875,12393.4501953125,12393.4501953125,205140000.0
^GSPC,2012-05-31,1313.0899658203125,1319.739990234375,1298.9000244140625,1310.3299560546875,1310.3299560546875,4557620000.0
GC=F,2012-05-31,1562.699951171875,1572.5999755859375,1551.800048828125,1562.5999755859375,1562.5999755859375,5901.0
CL=F,2012-05-31,87.55000305175781,88.27999877929688,85.86000061035156,86.52999877929688,86.52999877929688,345433.0
^NYA,2012-06-01,7368.41015625,7368.419921875,7286.77978515625,7292.22998046875,7292.22998046875,0.0
^IXIC,2012-06-01,2810.1298828125,2810.1298828125,2747.239990234375,2747.47998046875,2747.47998046875,1966370000.0
^FTSE,2012-06-01,5320.89990234375,5354.5,5229.7998046875,5260.2001953125,5260.2001953125,1056087800.0
^NSEI,2012-06-01,4910.85009765625,4925.0,4831.75,4841.60009765625,4841.60009765625,0.0
^BSESN,2012-06-01,16217.48046875,16226.1904296875,15933.48046875,15965.16015625,15965.16015625,12200.0
^N225,2012-06-01,8465.4697265625,8487.4404296875,8422.5,8440.25,8440.25,125200000.0
000001.SS,2012-06-01,2373.22412109375,2388.0859375,2365.44189453125,2373.43603515625,2373.43603515625,77000.0
^N100,2012-06-01,577.2999877929688,577.6599731445312,558.3300170898438,563.1099853515625,563.1099853515625,455338400.0
^DJI,2012-06-01,12391.5595703125,12391.6298828125,12107.48046875,12118.5703125,12118.5703125,162940000.0
^GSPC,2012-06-01,1309.8699951171875,1309.8699951171875,1277.25,1278.0400390625,1278.0400390625,4669350000.0
GC=F,2012-06-01,1560.0,1630.0,1545.5,1620.5,1620.5,2820.0
CL=F,2012-06-01,86.44000244140625,86.58999633789062,82.29000091552734,83.2300033569336,83.2300033569336,407579.0
^NYA,2012-06-04,7302.7900390625,7320.6298828125,7222.8798828125,7285.52978515625,7285.52978515625,4011960000.0
^IXIC,2012-06-04,2747.610107421875,2769.929931640625,2726.679931640625,2760.010009765625,2760.010009765625,1755750000.0
^NSEI,2012-06-04,4797.2998046875,4858.2998046875,4770.35009765625,4848.14990234375,4848.14990234375,0.0
^BSESN,2012-06-04,15808.8798828125,16012.83984375,15748.98046875,15988.400390625,15988.400390625,12200.0
^N225,2012-06-04,8278.650390625,8303.349609375,8238.9599609375,8295.6298828125,8295.6298828125,126800000.0
000001.SS,2012-06-04,2346.98388671875,2348.198974609375,2308.22900390625,2308.550048828125,2308.550048828125,90200.0
^N100,2012-06-04,558.530029296875,567.4299926757812,558.530029296875,562.6500244140625,562.6500244140625,268945400.0
^DJI,2012-06-04,12119.849609375,12143.6904296875,12035.08984375,12101.4599609375,12101.4599609375,126440000.0
^GSPC,2012-06-04,1278.2900390625,1282.550048828125,1266.739990234375,1278.1800537109375,1278.1800537109375,4011960000.0
GC=F,2012-06-04,1623.0,1627.9000244140625,1609.0,1612.199951171875,1612.199951171875,2134.0
CL=F,2012-06-04,82.95999908447266,84.37999725341797,81.20999908447266,83.9800033569336,83.9800033569336,309777.0
^NYA,2012-06-05,7270.39990234375,7347.68017578125,7264.75,7338.6201171875,7338.6201171875,3403230000.0
^IXIC,2012-06-05,2749.35009765625,2781.969970703125,2749.340087890625,2778.110107421875,2778.110107421875,1625600000.0
^NSEI,2012-06-05,4869.4501953125,4898.9501953125,4847.7001953125,4863.2998046875,4863.2998046875,0.0
^BSESN,2012-06-05,16065.3701171875,16138.2900390625,15979.76953125,16020.6396484375,16020.6396484375,10800.0
^N225,2012-06-05,8331.01953125,8388.1396484375,8306.9296875,8382.0,8382.0,136900000.0
000001.SS,2012-06-05,2313.739990234375,2323.298095703125,2304.0458984375,2311.916015625,2311.916015625,66000.0
^N100,2012-06-05,565.9500122070312,568.8200073242188,563.2000122070312,567.1199951171875,567.1199951171875,224137800.0
^DJI,2012-06-05,12101.080078125,12147.5498046875,12072.169921875,12127.9501953125,12127.9501953125,108970000.0
^GSPC,2012-06-05,1277.8199462890625,1287.6199951171875,1274.1600341796875,1285.5,1285.5,3403230000.0
GC=F,2012-06-05,1619.300048828125,1622.699951171875,1612.9000244140625,1615.199951171875,1615.199951171875,604.0
CL=F,2012-06-05,84.13999938964844,84.91999816894531,83.30999755859375,84.29000091552734,84.29000091552734,246358.0
^NYA,2012-06-06,7389.919921875,7517.4599609375,7389.919921875,7517.4599609375,7517.4599609375,4268360000.0
^IXIC,2012-06-06,2796.22998046875,2844.719970703125,2796.22998046875,2844.719970703125,2844.719970703125,1761050000.0
^FTSE,2012-06-06,5260.2001953125,5388.0,5260.2001953125,5384.10009765625,5384.10009765625,1098347700.0
^NSEI,2012-06-06,4886.64990234375,5010.4501953125,4886.14990234375,4997.10009765625,4997.10009765625,0.0
^BSESN,2012-06-06,16100.3603515625,16494.5,16100.3603515625,16454.30078125,16454.30078125,13600.0
^N225,2012-06-06,8428.3603515625,8549.0,8412.5498046875,8533.5302734375,8533.5302734375,160100000.0
000001.SS,2012-06-06,2315.56103515625,2323.113037109375,2301.034912109375,2309.554931640625,2309.554931640625,58600.0
^N100,2012-06-06,570.9600219726562,581.4400024414062,570.3400268554688,580.239990234375,580.239990234375,383478000.0
^DJI,2012-06-06,12125.0,12414.7900390625,12125.0,12414.7900390625,12414.7900390625,140110000.0
^GSPC,2012-06-06,1285.6099853515625,1315.1300048828125,1285.6099853515625,1315.1300048828125,1315.1300048828125,4268360000.0
GC=F,2012-06-06,1619.699951171875,1639.699951171875,1616.5,1632.800048828125,1632.800048828125,419.0
CL=F,2012-06-06,84.12000274658203,86.2699966430664,84.02999877929688,85.0199966430664,85.0199966430664,313102.0
^NYA,2012-06-07,7584.06982421875,7614.93017578125,7509.18994140625,7519.830078125,7519.830078125,4258140000.0
^IXIC,2012-06-07,2872.050048828125,2873.590087890625,2827.820068359375,2831.02001953125,2831.02001953125,1655370000.0
^FTSE,2012-06-07,5384.10009765625,5494.5,5384.10009765625,5447.7998046875,5447.7998046875,1030125200.0
^NSEI,2012-06-07,5035.35009765625,5059.64990234375,5007.75,5049.64990234375,5049.64990234375,0.0
^BSESN,2012-06-07,16578.009765625,16680.58984375,16519.890625,16649.05078125,16649.05078125,11400.0
^N225,2012-06-07,8639.25,8647.7900390625,8599.6396484375,8639.7197265625,8639.7197265625,127300000.0
000001.SS,2012-06-07,2324.672119140625,2328.672119140625,2288.6650390625,2293.1298828125,2293.1298828125,60200.0
^N100,2012-06-07,583.280029296875,588.72998046875,581.010009765625,583.22998046875,583.22998046875,350742600.0
^DJI,2012-06-07,12416.5302734375,12555.259765625,12416.5302734375,12460.9599609375,12460.9599609375,131150000.0
^GSPC,2012-06-07,1316.1500244140625,1329.050048828125,1312.6800537109375,1314.989990234375,1314.989990234375,4258140000.0
GC=F,2012-06-07,1622.5999755859375,1627.199951171875,1581.9000244140625,1586.5999755859375,1586.5999755859375,1200.0
CL=F,2012-06-07,85.5,87.02999877929688,83.43000030517578,84.81999969482422,84.81999969482422,339002.0
^NYA,2012-06-08,7480.009765625,7554.56005859375,7451.43017578125,7553.77001953125,7553.77001953125,3497190000.0
^IXIC,2012-06-08,2823.820068359375,2860.93994140625,2814.800048828125,2858.419921875,2858.419921875,1390260000.0
^FTSE,2012-06-08,5447.7998046875,5447.7998046875,5381.7998046875,5435.10009765625,5435.10009765625,916402400.0
^NSEI,2012-06-08,5044.25,5084.4501953125,4994.7998046875,5068.35009765625,5068.35009765625,0.0
^BSESN,2012-06-08,16611.51953125,16767.76953125,16485.01953125,16718.869140625,16718.869140625,11800.0
^N225,2012-06-08,8609.7802734375,8611.9296875,8427.2001953125,8459.259765625,8459.259765625,182900000.0
000001.SS,2012-06-08,2306.218994140625,2306.882080078125,2276.714111328125,2281.447021484375,2281.447021484375,68000.0
^N100,2012-06-08,578.9600219726562,582.5900268554688,574.6199951171875,580.9299926757812,580.9299926757812,331481600.0
^DJI,2012-06-08,12460.8095703125,12554.2001953125,12398.4404296875,12554.2001953125,12554.2001953125,111810000.0
^GSPC,2012-06-08,1314.989990234375,1325.81005859375,1307.77001953125,1325.6600341796875,1325.6600341796875,3497190000.0
GC=F,2012-06-08,1589.9000244140625,1593.9000244140625,1566.5,1590.0999755859375,1590.0999755859375,157.0
CL=F,2012-06-08,83.62999725341797,84.66999816894531,82.0,84.0999984741211,84.0999984741211,304641.0
^NYA,2012-06-11,7609.33984375,7623.91015625,7454.16015625,7459.2900390625,7459.2900390625,3537530000.0
^IXIC,2012-06-11,2882.489990234375,2882.9599609375,2806.89990234375,2809.72998046875,2809.72998046875,1480220000.0
^FTSE,2012-06-11,5435.10009765625,5536.2998046875,5419.60009765625,5432.39990234375,5432.39990234375,950512200.0
^NSEI,2012-06-11,5096.7001953125,5124.4501953125,5040.7001953125,5054.10009765625,5054.10009765625,0.0
^BSESN,2012-06-11,16804.890625,16893.810546875,16627.48046875,16668.009765625,16668.009765625,8800.0
^N225,2012-06-11,8612.1396484375,8665.7998046875,8594.580078125,8624.900390625,8624.900390625,108900000.0
000001.SS,2012-06-11,2282.89111328125,2311.77197265625,2278.1630859375,2305.85595703125,2305.85595703125,64200.0
^N100,2012-06-11,590.989990234375,593.0499877929688,579.3800048828125,579.8599853515625,579.8599853515625,369603200.0
^DJI,2012-06-11,12553.8095703125,12650.4697265625,12398.48046875,12411.23046875,12411.23046875,121060000.0
^GSPC,2012-06-11,1325.719970703125,1335.52001953125,1307.72998046875,1308.9300537109375,1308.9300537109375,3537530000.0
GC=F,2012-06-11,1608.0,1608.0,1583.0,1595.5,1595.5,129.0
CL=F,2012-06-11,85.72000122070312,86.63999938964844,81.11000061035156,82.69999694824219,82.69999694824219,343211.0
^NYA,2012-06-12,7459.27978515625,7558.740234375,7456.919921875,7557.81982421875,7557.81982421875,3442920000.0
^IXIC,2012-06-12,2815.840087890625,2843.669921875,2802.3798828125,2843.070068359375,2843.070068359375,1594310000.0
^FTSE,2012-06-12,5432.39990234375,5478.60009765625,5414.60009765625,5473.7001953125,5473.7001953125,890749100.0
^NSEI,2012-06-12,5015.5,5128.89990234375,5015.14990234375,5115.89990234375,5115.89990234375,0.0
^BSESN,2012-06-12,16570.509765625,16897.419921875,16553.470703125,16862.80078125,16862.80078125,9800.0
^N225,2012-06-12,8478.7802734375,8575.8701171875,8452.5,8536.7197265625,8536.7197265625,113200000.0
000001.SS,2012-06-12,2295.070068359375,2298.948974609375,2280.950927734375,2289.791015625,2289.791015625,60000.0
^N100,2012-06-12,580.5499877929688,584.239990234375,575.5,581.0700073242188,581.0700073242188,314118800.0
^DJI,2012-06-12,12412.0703125,12577.01953125,12411.91015625,12573.7998046875,12573.7998046875,111360000.0
^GSPC,2012-06-12,1309.4000244140625,1324.31005859375,1306.6199951171875,1324.1800537109375,1324.1800537109375,3442920000.0
GC=F,2012-06-12,1594.0999755859375,1612.800048828125,1588.5,1612.699951171875,1612.699951171875,523.0
CL=F,2012-06-12,81.18000030517578,83.72000122070312,81.06999969482422,83.31999969482422,83.31999969482422,320803.0
^NYA,2012-06-13,7533.60009765625,7577.7099609375,7483.35009765625,7506.419921875,7506.419921875,3506510000.0
^IXIC,2012-06-13,2838.1201171875,2853.169921875,2810.590087890625,2818.610107421875,2818.610107421875,1602080000.0
^FTSE,2012-06-13,5473.7001953125,5507.7001953125,5436.7001953125,5483.7998046875,5483.7998046875,831010500.0
^NSEI,2012-06-13,5117.5498046875,5144.89990234375,5095.4501953125,5121.4501953125,5121.4501953125,0.0
^BSESN,2012-06-13,16865.720703125,16944.109375,16792.869140625,16880.509765625,16880.509765625,9800.0
^N225,2012-06-13,8557.5703125,8615.8896484375,8554.1396484375,8587.83984375,8587.83984375,101600000.0
000001.SS,2012-06-13,2289.70703125,2319.714111328125,2284.64990234375,2318.924072265625,2318.924072265625,78400.0
^N100,2012-06-13,582.7100219726562,585.2899780273438,576.510009765625,579.4099731445312,579.4099731445312,295933600.0
^DJI,2012-06-13,12566.3798828125,12598.25,12453.6904296875,12496.3798828125,12496.3798828125,125780000.0
^GSPC,2012-06-13,1324.02001953125,1327.280029296875,1310.510009765625,1314.8800048828125,1314.8800048828125,3506510000.0
GC=F,2012-06-13,1608.199951171875,1622.4000244140625,1608.199951171875,1618.0999755859375,1618.0999755859375,655.0
CL=F,2012-06-13,83.51000213623047,84.01000213623047,82.1500015258789,82.62000274658203,82.62000274658203,327544.0
^NYA,2012-06-14,7515.93994140625,7608.2900390625,7499.7900390625,7582.81982421875,7582.81982421875,3687720000.0
^IXIC,2012-06-14,2820.6298828125,2842.31005859375,2807.550048828125,2836.330078125,2836.330078125,1633370000.0
^FTSE,2012-06-14,5483.7998046875,5483.7998046875,5424.39990234375,5467.10009765625,5467.10009765625,985630700.0
^NSEI,2012-06-14,5105.10009765625,5130.0,5047.60009765625,5054.75,5054.75,0.0
^BSESN,2012-06-14,16857.23046875,16921.490234375,16658.98046875,16677.880859375,16677.880859375,9200.0
^N225,2012-06-14,8531.400390625,8592.169921875,8520.990234375,8568.8896484375,8568.8896484375,101600000.0
000001.SS,2012-06-14,2306.781005859375,2314.5849609375,2293.06396484375,2295.946044921875,2295.946044921875,71600.0
^N100,2012-06-14,577.9500122070312,580.3900146484375,572.8200073242188,580.219970703125,580.219970703125,271384400.0
^DJI,2012-06-14,12497.8896484375,12698.6796875,12497.66015625,12651.91015625,12651.91015625,128640000.0
^GSPC,2012-06-14,1314.8800048828125,1333.6800537109375,1314.1400146484375,1329.0999755859375,1329.0999755859375,3687720000.0
GC=F,2012-06-14,1621.199951171875,1626.4000244140625,1610.0999755859375,1618.4000244140625,1618.4000244140625,493.0
CL=F,2012-06-14,82.44000244140625,84.41999816894531,82.2699966430664,83.91000366210938,83.91000366210938,278944.0
^NYA,2012-06-15,7613.0400390625,7666.009765625,7604.2099609375,7664.259765625,7664.259765625,4401570000.0
^IXIC,2012-06-15,2839.39990234375,2874.3798828125,2837.93994140625,2872.800048828125,2872.800048828125,2020100000.0
^FTSE,2012-06-15,5467.10009765625,5522.89990234375,5465.10009765625,5478.7998046875,5478.7998046875,2307095100.0
^NSEI,2012-06-15,5069.5498046875,5146.2001953125,5069.14990234375,5139.0498046875,5139.0498046875,0.0
^BSESN,2012-06-15,16701.279296875,16967.759765625,16701.279296875,16949.830078125,16949.830078125,10400.0
^N225,2012-06-15,8608.4296875,8625.1904296875,8552.75,8569.3203125,8569.3203125,106700000.0
000001.SS,2012-06-15,2299.781005859375,2314.241943359375,2283.39990234375,2306.85009765625,2306.85009765625,68600.0
^N100,2012-06-15,582.5499877929688,589.7000122070312,582.4299926757812,589.010009765625,589.010009765625,488425000.0
^DJI,2012-06-15,12652.2099609375,12774.7001953125,12651.3798828125,12767.169921875,12767.169921875,284290000.0
^GSPC,2012-06-15,1329.18994140625,1343.3199462890625,1329.18994140625,1342.8399658203125,1342.8399658203125,4401570000.0
GC=F,2012-06-15,1624.300048828125,1630.0,1621.5,1627.0,1627.0,1015.0
CL=F,2012-06-15,84.33000183105469,84.80000305175781,83.41999816894531,84.02999877929688,84.02999877929688,216554.0
^NYA,2012-06-18,7630.7998046875,7680.5400390625,7606.75,7662.2900390625,7662.2900390625,3259430000.0
^IXIC,2012-06-18,2872.489990234375,2903.030029296875,2853.860107421875,2895.330078125,2895.330078125,1586190000.0
^FTSE,2012-06-18,5478.7998046875,5555.2998046875,5461.10009765625,5491.10009765625,5491.10009765625,879532400.0
^NSEI,2012-06-18,5174.0,5190.2001953125,5041.7001953125,5064.25,5064.25,0.0
^BSESN,2012-06-18,17039.5390625,17109.94921875,16636.08984375,16705.830078125,16705.830078125,11400.0
^N225,2012-06-18,8723.5498046875,8766.5595703125,8711.490234375,8721.01953125,8721.01953125,109800000.0
000001.SS,2012-06-18,2313.530029296875,2325.052001953125,2309.708984375,2316.052001953125,2316.052001953125,60600.0
^N100,2012-06-18,595.7999877929688,596.8900146484375,585.5599975585938,587.4299926757812,587.4299926757812,341468600.0
^DJI,2012-06-18,12767.01953125,12781.9296875,12696.1796875,12741.8203125,12741.8203125,111280000.0
^GSPC,2012-06-18,1342.4200439453125,1348.219970703125,1334.4599609375,1344.780029296875,1344.780029296875,3259430000.0
GC=F,2012-06-18,1622.5999755859375,1627.5999755859375,1615.0,1625.699951171875,1625.699951171875,246.0
CL=F,2012-06-18,85.08999633789062,85.5999984741211,82.04000091552734,83.2699966430664,83.2699966430664,216955.0
^NYA,2012-06-19,7704.1201171875,7797.47998046875,7703.56005859375,7766.259765625,7766.259765625,3815350000.0
^IXIC,2012-06-19,2909.8701171875,2940.22998046875,2908.449951171875,2929.760009765625,2929.760009765625,1835480000.0
^FTSE,2012-06-19,5491.10009765625,5603.10009765625,5491.0,5586.2998046875,5586.2998046875,816800600.0
^NSEI,2012-06-19,5050.7998046875,5113.60009765625,5048.10009765625,5103.85009765625,5103.85009765625,0.0
^BSESN,2012-06-19,16681.890625,16890.0,16681.890625,16859.80078125,16859.80078125,9800.0
^N225,2012-06-19,8692.8203125,8712.8603515625,8630.66015625,8655.8701171875,8655.8701171875,99200000.0
000001.SS,2012-06-19,2313.455078125,2313.455078125,2298.39404296875,2300.794921875,2300.794921875,60200.0
^N100,2012-06-19,588.2899780273438,596.3599853515625,584.8900146484375,595.719970703125,595.719970703125,291376800.0
^DJI,2012-06-19,12744.6201171875,12898.9404296875,12744.4697265625,12837.330078125,12837.330078125,125180000.0
^GSPC,2012-06-19,1344.8299560546875,1363.4599609375,1344.8299560546875,1357.97998046875,1357.97998046875,3815350000.0
GC=F,2012-06-19,1629.800048828125,1630.699951171875,1622.0,1622.199951171875,1622.199951171875,32.0
CL=F,2012-06-19,83.05999755859375,84.41000366210938,82.27999877929688,84.02999877929688,84.02999877929688,109008.0
^NYA,2012-06-20,7770.27001953125,7800.6201171875,7706.0498046875,7757.919921875,7757.919921875,3695700000.0
^IXIC,2012-06-20,2932.9599609375,2942.280029296875,2910.0,2930.449951171875,2930.449951171875,1563080000.0
^FTSE,2012-06-20,5586.2998046875,5623.89990234375,5566.0,5622.2998046875,5622.2998046875,903447000.0
^NSEI,2012-06-20,5114.5498046875,5141.7001953125,5100.7001953125,5120.5498046875,5120.5498046875,0.0
^BSESN,2012-06-20,16903.9609375,16962.490234375,16840.099609375,16896.630859375,16896.630859375,9200.0
^N225,2012-06-20,8739.099609375,8770.41015625,8711.2197265625,8752.3095703125,8752.3095703125,114100000.0
000001.SS,2012-06-20,2300.406005859375,2304.4580078125,2291.541015625,2292.876953125,2292.876953125,54200.0
^N100,2012-06-20,596.77001953125,597.2999877929688,591.8400268554688,596.8300170898438,596.8300170898438,260835000.0
^DJI,2012-06-20,12837.099609375,12877.1796875,12744.919921875,12824.3896484375,12824.3896484375,119110000.0
^GSPC,2012-06-20,1358.0400390625,1361.5699462890625,1346.449951171875,1355.68994140625,1355.68994140625,3695700000.0
GC=F,2012-06-20,1618.300048828125,1618.300048828125,1601.300048828125,1614.800048828125,1614.800048828125,140.0
CL=F,2012-06-20,84.04000091552734,84.33999633789062,80.91000366210938,81.80000305175781,81.80000305175781,413790.0
^NYA,2012-06-21,7754.31982421875,7765.7001953125,7560.5400390625,7566.10986328125,7566.10986328125,4094470000.0
^IXIC,2012-06-21,2929.14990234375,2930.929931640625,2857.10009765625,2859.090087890625,2859.090087890625,1822200000.0
^FTSE,2012-06-21,5622.2998046875,5622.2998046875,5564.7998046875,5566.39990234375,5566.39990234375,785237400.0
^NSEI,2012-06-21,5097.35009765625,5170.39990234375,5093.4501953125,5165.0,5165.0,0.0
^BSESN,2012-06-21,16855.599609375,17050.439453125,16799.630859375,17032.560546875,17032.560546875,10800.0
^N225,2012-06-21,8794.0302734375,8859.0400390625,8790.8603515625,8824.0703125,8824.0703125,132500000.0
000001.SS,2012-06-21,2288.4541015625,2288.4541015625,2253.7890625,2260.876953125,2260.876953125,59000.0
^N100,2012-06-21,593.8800048828125,600.8300170898438,592.489990234375,594.9299926757812,594.9299926757812,344707800.0
^DJI,2012-06-21,12823.099609375,12857.3896484375,12561.4599609375,12573.5703125,12573.5703125,146750000.0
^GSPC,2012-06-21,1355.4300537109375,1358.27001953125,1324.4100341796875,1325.510009765625,1325.510009765625,4094470000.0
GC=F,2012-06-21,1603.199951171875,1603.300048828125,1564.5,1564.5,1564.5,29.0
CL=F,2012-06-21,81.08000183105469,81.19999694824219,77.93000030517578,78.19999694824219,78.19999694824219,376969.0
^NYA,2012-06-22,7609.85986328125,7632.89013671875,7578.68017578125,7616.58984375,7616.58984375,5271490000.0
^IXIC,2012-06-22,2866.169921875,2894.35009765625,2863.929931640625,2892.419921875,2892.419921875,3544010000.0
^FTSE,2012-06-22,5566.39990234375,5566.39990234375,5500.0,5513.7001953125,5513.7001953125,677911200.0
^NSEI,2012-06-22,5101.75,5159.7998046875,5094.0,5146.0498046875,5146.0498046875,0.0
^BSESN,2012-06-22,16882.740234375,17016.060546875,16807.80078125,16972.509765625,16972.509765625,11800.0
^N225,2012-06-22,8733.5,8830.33984375,8731.7900390625,8798.349609375,8798.349609375,113300000.0
^N100,2012-06-22,590.489990234375,593.6699829101562,587.780029296875,590.3099975585938,590.3099975585938,273062400.0
^DJI,2012-06-22,12574.8203125,12674.080078125,12574.669921875,12640.7802734375,12640.7802734375,209990000.0
^GSPC,2012-06-22,1325.9200439453125,1337.8199462890625,1325.9200439453125,1335.02001953125,1335.02001953125,5271490000.0
GC=F,2012-06-22,1565.5,1568.4000244140625,1560.0,1566.0,1566.0,16.0
CL=F,2012-06-22,78.11000061035156,80.37000274658203,77.55999755859375,79.76000213623047,79.76000213623047,293224.0
^NYA,2012-06-25,7540.2099609375,7540.2099609375,7465.72998046875,7491.8701171875,7491.8701171875,3501820000.0
^IXIC,2012-06-25,2863.889892578125,2863.889892578125,2829.22998046875,2836.159912109375,2836.159912109375,1514430000.0
^FTSE,2012-06-25,5513.7001953125,5513.7001953125,5435.5,5450.7001953125,5450.7001953125,716161000.0
^NSEI,2012-06-25,5158.5,5194.60009765625,5105.64990234375,5114.64990234375,5114.64990234375,0.0
^BSESN,2012-06-25,17038.76953125,17131.150390625,16853.05078125,16882.16015625,16882.16015625,10600.0
^N225,2012-06-25,8837.830078125,8837.830078125,8726.400390625,8734.6201171875,8734.6201171875,92800000.0
000001.SS,2012-06-25,2253.513916015625,2253.513916015625,2223.053955078125,2224.114013671875,2224.114013671875,59800.0
^N100,2012-06-25,588.1599731445312,588.7000122070312,578.8900146484375,581.2100219726562,581.2100219726562,273901800.0
^DJI,2012-06-25,12639.7998046875,12639.8701171875,12458.009765625,12502.66015625,12502.66015625,134090000.0
^GSPC,2012-06-25,1334.9000244140625,1334.9000244140625,1309.27001953125,1313.719970703125,1313.719970703125,3501820000.0
GC=F,2012-06-25,1574.9000244140625,1587.5,1571.0,1587.5,1587.5,32.0
CL=F,2012-06-25,80.19999694824219,80.68000030517578,78.02999877929688,79.20999908447266,79.20999908447266,249004.0
^NYA,2012-06-26,7502.490234375,7548.47021484375,7464.240234375,7527.080078125,7527.080078125,3412940000.0
^IXIC,2012-06-26,2845.39990234375,2862.14990234375,2832.02001953125,2854.06005859375,2854.06005859375,1623160000.0
^FTSE,2012-06-26,5450.7001953125,5476.5,5436.2998046875,5447.0,5447.0,631700600.0
^NSEI,2012-06-26,5107.4501953125,5134.5498046875,5095.5,5120.7998046875,5120.7998046875,0.0
^BSESN,2012-06-26,16873.08984375,16946.66015625,16815.869140625,16906.580078125,16906.580078125,7400.0
^N225,2012-06-26,8671.6103515625,8712.6796875,8619.3603515625,8663.990234375,8663.990234375,127500000.0
000001.SS,2012-06-26,2214.64892578125,2229.239990234375,2203.944091796875,2222.06689453125,2222.06689453125,53000.0
^N100,2012-06-26,581.9299926757812,583.4400024414062,578.6099853515625,580.2999877929688,580.2999877929688,252816000.0
^DJI,2012-06-26,12503.5703125,12576.41015625,12452.0302734375,12534.669921875,12534.669921875,109270000.0
^GSPC,2012-06-26,1314.0899658203125,1324.239990234375,1310.300048828125,1319.989990234375,1319.989990234375,3412940000.0
GC=F,2012-06-26,1583.5,1583.5,1567.699951171875,1574.0,1574.0,104.0
CL=F,2012-06-26,79.2300033569336,79.68000030517578,78.36000061035156,79.36000061035156,79.36000061035156,253304.0
^NYA,2012-06-27,7546.7998046875,7610.419921875,7538.990234375,7598.0498046875,7598.0498046875,3286910000.0
^IXIC,2012-06-27,2862.1298828125,2882.39990234375,2860.1298828125,2875.320068359375,2875.320068359375,1668580000.0
^FTSE,2012-06-27,5447.0,5525.10009765625,5447.0,5523.89990234375,5523.89990234375,678486600.0
^NSEI,2012-06-27,5149.4501953125,5160.10009765625,5129.25,5141.89990234375,5141.89990234375,0.0
^BSESN,2012-06-27,16975.759765625,17029.26953125,16930.80078125,16967.759765625,16967.759765625,6800.0
^N225,2012-06-27,8677.759765625,8730.490234375,8641.51953125,8730.490234375,8730.490234375,106000000.0
000001.SS,2012-06-27,2219.944091796875,2233.54296875,2213.322998046875,2216.93408203125,2216.93408203125,51000.0
^N100,2012-06-27,582.8400268554688,589.8900146484375,580.489990234375,589.8499755859375,589.8499755859375,270662400.0
^DJI,2012-06-27,12532.9296875,12646.8701171875,12532.7099609375,12627.009765625,12627.009765625,97950000.0
^GSPC,2012-06-27,1320.7099609375,1334.4000244140625,1320.7099609375,1331.8499755859375,1331.8499755859375,3286910000.0
GC=F,2012-06-27,1567.0,1577.5,1563.0,1577.5,1577.5,220.0
CL=F,2012-06-27,79.47000122070312,80.91999816894531,78.68000030517578,80.20999908447266,80.20999908447266,253006.0
^NYA,2012-06-28,7544.169921875,7598.97998046875,7500.02001953125,7597.5,7597.5,3969370000.0
^IXIC,2012-06-28,2853.889892578125,2855.739990234375,2818.18994140625,2849.489990234375,2849.489990234375,1795850000.0
^FTSE,2012-06-28,5523.89990234375,5533.7998046875,5436.5,5493.10009765625,5493.10009765625,1027922600.0
^NSEI,2012-06-28,5148.9501953125,5159.0498046875,5125.2998046875,5149.14990234375,5149.14990234375,0.0
^BSESN,2012-06-28,16985.580078125,17033.849609375,16918.869140625,16990.759765625,16990.759765625,8800.0
^N225,2012-06-28,8816.0703125,8881.4404296875,8805.650390625,8874.1103515625,8874.1103515625,118500000.0
000001.SS,2012-06-28,2220.236083984375,2224.155029296875,2195.35498046875,2195.843017578125,2195.843017578125,54200.0
^N100,2012-06-28,591.0399780273438,591.6400146484375,583.6599731445312,588.4500122070312,588.4500122070312,270226400.0
^DJI,2012-06-28,12626.25,12626.25,12450.169921875,12602.259765625,12602.259765625,125870000.0
^GSPC,2012-06-28,1331.52001953125,1331.52001953125,1313.2900390625,1329.0400390625,1329.0400390625,3969370000.0
GC=F,2012-06-28,1573.699951171875,1573.699951171875,1548.4000244140625,1549.699951171875,1549.699951171875,133.0
CL=F,2012-06-28,80.4800033569336,80.83999633789062,77.27999877929688,77.69000244140625,77.69000244140625,310148.0
^NYA,2012-06-29,7730.02001953125,7801.83984375,7730.02001953125,7801.83984375,7801.83984375,4590480000.0
^IXIC,2012-06-29,2902.43994140625,2935.1298828125,2895.60009765625,2935.050048828125,2935.050048828125,2021190000.0
^FTSE,2012-06-29,5493.10009765625,5619.7001953125,5493.10009765625,5571.2001953125,5571.2001953125,1061581800.0
^NSEI,2012-06-29,5191.25,5286.25,5189.0,5278.89990234375,5278.89990234375,0.0
^BSESN,2012-06-29,17134.609375,17448.48046875,17134.609375,17429.98046875,17429.98046875,13000.0
^N225,2012-06-29,8811.4599609375,9044.0400390625,8803.330078125,9006.7802734375,9006.7802734375,143900000.0
000001.SS,2012-06-29,2190.574951171875,2226.485107421875,2188.716064453125,2225.429931640625,2225.429931640625,61400.0
^N100,2012-06-29,602.7999877929688,611.8099975585938,597.9500122070312,611.8099975585938,611.8099975585938,413854800.0
^DJI,2012-06-29,12604.599609375,12880.3896484375,12604.5302734375,12880.08984375,12880.08984375,191630000.0
^GSPC,2012-06-29,1330.1199951171875,1362.1700439453125,1330.1199951171875,1362.1600341796875,1362.1600341796875,4590480000.0
GC=F,2012-06-29,1562.5999755859375,1603.5,1561.9000244140625,1603.5,1603.5,61.0
CL=F,2012-06-29,78.45999908447266,85.33999633789062,78.27999877929688,84.95999908447266,84.95999908447266,439010.0
^NYA,2012-07-02,7810.830078125,7832.14990234375,7768.35009765625,7832.14990234375,7832.14990234375,3301650000.0
^IXIC,2012-07-02,2938.409912109375,2951.22998046875,2925.7099609375,2951.22998046875,2951.22998046875,1845240000.0
^FTSE,2012-07-02,5571.2001953125,5640.60009765625,5571.2001953125,5640.60009765625,5640.60009765625,696936400.0
^NSEI,2012-07-02,5283.85009765625,5302.14990234375,5263.35009765625,5278.60009765625,5278.60009765625,0.0
^BSESN,2012-07-02,17438.6796875,17486.5703125,17363.0390625,17398.98046875,17398.98046875,8600.0
^N225,2012-07-02,9103.7900390625,9103.7900390625,9003.48046875,9003.48046875,9003.48046875,99700000.0
000001.SS,2012-07-02,2234.320068359375,2234.873046875,2215.35791015625,2226.110107421875,2226.110107421875,62200.0
^N100,2012-07-02,613.1199951171875,620.9600219726562,611.5800170898438,620.27001953125,620.27001953125,347399000.0
^DJI,2012-07-02,12879.7099609375,12902.1201171875,12795.48046875,12871.3896484375,12871.3896484375,109640000.0
^GSPC,2012-07-02,1362.3299560546875,1366.3499755859375,1355.699951171875,1365.510009765625,1365.510009765625,3301650000.0
GC=F,2012-07-02,1597.0999755859375,1598.300048828125,1589.699951171875,1597.199951171875,1597.199951171875,35.0
CL=F,2012-07-02,84.6500015258789,85.05000305175781,82.0999984741211,83.75,83.75,299104.0
^NYA,2012-07-03,7838.66015625,7905.77978515625,7834.77978515625,7901.669921875,7901.669921875,2116390000.0
^IXIC,2012-07-03,2950.81005859375,2976.080078125,2948.39990234375,2976.080078125,2976.080078125,1009330000.0
^FTSE,2012-07-03,5640.60009765625,5689.0,5636.10009765625,5687.7001953125,5687.7001953125,795293400.0
^NSEI,2012-07-03,5298.85009765625,5317.0,5265.9501953125,5287.9501953125,5287.9501953125,0.0
^BSESN,2012-07-03,17457.94921875,17526.8203125,17351.5,17425.7109375,17425.7109375,9400.0
^N225,2012-07-03,9013.650390625,9082.3896484375,9012.8603515625,9066.58984375,9066.58984375,121000000.0
000001.SS,2012-07-03,2225.56689453125,2244.83203125,2219.050048828125,2229.19189453125,2229.19189453125,62800.0
^N100,2012-07-03,621.0999755859375,625.2899780273438,620.4199829101562,625.2899780273438,625.2899780273438,284455400.0
^DJI,2012-07-03,12868.0595703125,12946.2001953125,12845.2802734375,12943.66015625,12943.66015625,63850000.0
^GSPC,2012-07-03,1365.75,1374.81005859375,1363.530029296875,1374.02001953125,1374.02001953125,2116390000.0
GC=F,2012-07-03,1603.800048828125,1624.0,1603.800048828125,1621.300048828125,1621.300048828125,44.0
CL=F,2012-07-03,83.66999816894531,88.04000091552734,83.33000183105469,87.66000366210938,87.66000366210938,336186.0
^FTSE,2012-07-04,5687.7001953125,5699.89990234375,5669.7001953125,5684.5,5684.5,445463400.0
^NSEI,2012-07-04,5310.39990234375,5317.64990234375,5273.2998046875,5302.5498046875,5302.5498046875,0.0
^BSESN,2012-07-04,17473.259765625,17523.76953125,17372.44921875,17462.810546875,17462.810546875,10200.0
^N225,2012-07-04,9119.6904296875,9136.01953125,9095.3095703125,9104.169921875,9104.169921875,105600000.0
000001.SS,2012-07-04,2233.3349609375,2239.27001953125,2219.447998046875,2227.31494140625,2227.31494140625,55200.0
^N100,2012-07-04,624.280029296875,625.739990234375,621.969970703125,625.5700073242188,625.5700073242188,192177800.0
^NYA,2012-07-05,7855.08984375,7869.25,7809.41015625,7837.77001953125,7837.77001953125,3041520000.0
^IXIC,2012-07-05,2970.3701171875,2987.93994140625,2958.300048828125,2976.1201171875,2976.1201171875,1423990000.0
^FTSE,2012-07-05,5684.5,5727.5,5662.5,5692.60009765625,5692.60009765625,766719300.0
^NSEI,2012-07-05,5297.0498046875,5333.64990234375,5288.85009765625,5327.2998046875,5327.2998046875,0.0
^BSESN,2012-07-05,17478.16015625,17562.890625,17423.44921875,17538.669921875,17538.669921875,8200.0
^N225,2012-07-05,9078.4599609375,9130.5400390625,9069.009765625,9079.7998046875,9079.7998046875,97100000.0
000001.SS,2012-07-05,2218.216064453125,2218.216064453125,2192.64794921875,2201.35302734375,2201.35302734375,58000.0
^N100,2012-07-05,624.7100219726562,628.7999877929688,616.780029296875,620.3699951171875,620.3699951171875,312172000.0
^DJI,2012-07-05,12941.849609375,12961.2998046875,12852.240234375,12896.669921875,12896.669921875,97800000.0
^GSPC,2012-07-05,1373.719970703125,1373.8499755859375,1363.02001953125,1367.5799560546875,1367.5799560546875,3041520000.0
GC=F,2012-07-05,1618.5,1619.199951171875,1598.0,1608.9000244140625,1608.9000244140625,27.0
CL=F,2012-07-05,87.75,88.9800033569336,86.5,87.22000122070312,87.22000122070312,368616.0
^NYA,2012-07-06,7768.56982421875,7768.56982421875,7722.97021484375,7756.60986328125,7756.60986328125,2745140000.0
^IXIC,2012-07-06,2955.199951171875,2957.5,2921.3701171875,2937.330078125,2937.330078125,1437420000.0
^FTSE,2012-07-06,5692.60009765625,5695.10009765625,5647.5,5662.60009765625,5662.60009765625,602832000.0
^NSEI,2012-07-06,5324.7001953125,5327.2001953125,5287.75,5316.9501953125,5316.9501953125,0.0
^BSESN,2012-07-06,17546.0390625,17554.55078125,17425.470703125,17521.119140625,17521.119140625,8000.0
^N225,2012-07-06,9052.7001953125,9082.0400390625,8977.349609375,9020.75,9020.75,108200000.0
000001.SS,2012-07-06,2203.72998046875,2227.472900390625,2185.52197265625,2223.5791015625,2223.5791015625,76600.0
^N100,2012-07-06,618.1099853515625,620.22998046875,611.489990234375,611.489990234375,611.489990234375,251197000.0
^DJI,2012-07-06,12889.400390625,12889.400390625,12702.990234375,12772.4697265625,12772.4697265625,96760000.0
^GSPC,2012-07-06,1367.0899658203125,1367.0899658203125,1348.030029296875,1354.6800537109375,1354.6800537109375,2745140000.0
GC=F,2012-07-06,1592.300048828125,1593.800048828125,1578.4000244140625,1578.4000244140625,1578.4000244140625,15.0
CL=F,2012-07-06,86.7300033569336,87.12999725341797,84.0199966430664,84.44999694824219,84.44999694824219,296204.0
^NYA,2012-07-09,7742.02001953125,7747.10009765625,7699.9599609375,7736.39990234375,7736.39990234375,2904860000.0
^IXIC,2012-07-09,2934.489990234375,2942.989990234375,2919.0400390625,2931.77001953125,2931.77001953125,1455500000.0
^FTSE,2012-07-09,5662.60009765625,5669.7998046875,5610.7001953125,5627.2998046875,5627.2998046875,682352500.0
^NSEI,2012-07-09,5283.7001953125,5300.60009765625,5257.75,5275.14990234375,5275.14990234375,0.0
^BSESN,2012-07-09,17449.9296875,17485.7890625,17343.55078125,17391.98046875,17391.98046875,7200.0
^N225,2012-07-09,8922.990234375,8954.4404296875,8892.169921875,8896.8798828125,8896.8798828125,92100000.0
000001.SS,2012-07-09,2210.714111328125,2216.697021484375,2168.60791015625,2170.81396484375,2170.81396484375,75200.0
^N100,2012-07-09,611.239990234375,612.5700073242188,606.6599731445312,608.4500122070312,608.4500122070312,215545200.0
^DJI,2012-07-09,12772.01953125,12772.01953125,12686.5703125,12736.2900390625,12736.2900390625,100150000.0
^GSPC,2012-07-09,1354.6600341796875,1354.8699951171875,1346.6500244140625,1352.4599609375,1352.4599609375,2904860000.0
GC=F,2012-07-09,1582.0999755859375,1588.5999755859375,1580.9000244140625,1588.5999755859375,1588.5999755859375,5.0
CL=F,2012-07-09,84.19999694824219,86.4800033569336,84.0,85.98999786376953,85.98999786376953,256901.0
^NYA,2012-07-10,7753.740234375,7786.47021484375,7638.31005859375,7667.56982421875,7667.56982421875,3470600000.0
^IXIC,2012-07-10,2945.35009765625,2953.469970703125,2891.419921875,2902.330078125,2902.330078125,1725730000.0
^FTSE,2012-07-10,5627.2998046875,5688.7001953125,5622.2998046875,5664.10009765625,5664.10009765625,607970100.0
^NSEI,2012-07-10,5286.60009765625,5348.5498046875,5284.5498046875,5345.35009765625,5345.35009765625,0.0
^BSESN,2012-07-10,17431.6796875,17631.189453125,17424.2890625,17618.349609375,17618.349609375,8800.0
^N225,2012-07-10,8922.0302734375,8966.990234375,8855.9296875,8857.73046875,8857.73046875,108300000.0
000001.SS,2012-07-10,2166.947021484375,2178.195068359375,2156.72607421875,2164.43798828125,2164.43798828125,59000.0
^N100,2012-07-10,610.0499877929688,618.0999755859375,608.239990234375,613.8099975585938,613.8099975585938,242408800.0
^DJI,2012-07-10,12733.8701171875,12830.2900390625,12606.91015625,12653.1201171875,12653.1201171875,114760000.0
^GSPC,2012-07-10,1352.9599609375,1361.5400390625,1336.27001953125,1341.469970703125,1341.469970703125,3470600000.0
GC=F,2012-07-10,1599.199951171875,1599.800048828125,1567.5999755859375,1579.300048828125,1579.300048828125,12.0
CL=F,2012-07-10,85.83999633789062,85.94999694824219,83.6500015258789,83.91000366210938,83.91000366210938,291409.0
^NYA,2012-07-11,7667.66015625,7704.830078125,7643.91015625,7685.31982421875,7685.31982421875,3426290000.0
^IXIC,2012-07-11,2898.77001953125,2905.510009765625,2866.530029296875,2887.97998046875,2887.97998046875,1635120000.0
^FTSE,2012-07-11,5664.10009765625,5674.7001953125,5625.60009765625,5664.5,5664.5,606669000.0
^NSEI,2012-07-11,5315.25,5336.4501953125,5300.25,5306.2998046875,5306.2998046875,0.0
^BSESN,2012-07-11,17553.970703125,17582.990234375,17466.990234375,17489.140625,17489.140625,7800.0
^N225,2012-07-11,8819.0400390625,8851.0,8797.73046875,8851.0,8851.0,98000000.0
000001.SS,2012-07-11,2160.02001953125,2176.490966796875,2156.595947265625,2175.383056640625,2175.383056640625,58600.0
^N100,2012-07-11,610.530029296875,613.989990234375,608.969970703125,610.6300048828125,610.6300048828125,214011800.0
^DJI,2012-07-11,12653.0400390625,12661.9697265625,12534.330078125,12604.5302734375,12604.5302734375,128420000.0
^GSPC,2012-07-11,1341.4000244140625,1345.0,1333.25,1341.449951171875,1341.449951171875,3426290000.0
GC=F,2012-07-11,1577.4000244140625,1579.5,1575.199951171875,1575.199951171875,1575.199951171875,12.0
CL=F,2012-07-11,84.01000213623047,86.48999786376953,84.01000213623047,85.80999755859375,85.80999755859375,307821.0
^NYA,2012-07-12,7633.64013671875,7665.169921875,7578.58984375,7638.64990234375,7638.64990234375,3654440000.0
^IXIC,2012-07-12,2867.080078125,2876.320068359375,2837.719970703125,2866.18994140625,2866.18994140625,1719460000.0
^FTSE,2012-07-12,5664.5,5664.5,5588.7998046875,5608.2998046875,5608.2998046875,667049300.0
^NSEI,2012-07-12,5240.0,5261.75,5217.7001953125,5235.25,5235.25,0.0
^BSESN,2012-07-12,17297.060546875,17329.4609375,17181.169921875,17232.55078125,17232.55078125,11800.0
^N225,2012-07-12,8859.3896484375,8862.7998046875,8709.75,8720.009765625,8720.009765625,141800000.0
000001.SS,2012-07-12,2172.06396484375,2197.0439453125,2152.675048828125,2185.490966796875,2185.490966796875,82200.0
^N100,2012-07-12,607.8599853515625,610.6500244140625,604.030029296875,606.7000122070312,606.7000122070312,254376400.0
^DJI,2012-07-12,12602.7099609375,12630.6396484375,12492.25,12573.26953125,12573.26953125,142760000.0
^GSPC,2012-07-12,1341.2900390625,1341.2900390625,1325.4100341796875,1334.760009765625,1334.760009765625,3654440000.0
GC=F,2012-07-12,1569.300048828125,1574.699951171875,1557.199951171875,1564.9000244140625,1564.9000244140625,44.0
CL=F,2012-07-12,86.19999694824219,86.37000274658203,84.20999908447266,86.08000183105469,86.08000183105469,240725.0
^NYA,2012-07-13,7654.02001953125,7764.740234375,7654.02001953125,7758.2998046875,7758.2998046875,3212930000.0
^IXIC,2012-07-13,2874.06005859375,2913.280029296875,2873.389892578125,2908.469970703125,2908.469970703125,1373620000.0
^FTSE,2012-07-13,5608.2998046875,5675.60009765625,5608.2998046875,5666.10009765625,5666.10009765625,609268500.0
^NSEI,2012-07-13,5242.75,5267.14990234375,5216.85009765625,5227.25,5227.25,0.0
^BSESN,2012-07-13,17269.19921875,17342.880859375,17182.2890625,17213.69921875,17213.69921875,7600.0
^N225,2012-07-13,8701.349609375,8759.0595703125,8695.4404296875,8724.1201171875,8724.1201171875,122800000.0
000001.SS,2012-07-13,2180.172119140625,2198.660888671875,2177.924072265625,2185.89501953125,2185.89501953125,57600.0
^N100,2012-07-13,608.77001953125,614.3699951171875,607.3599853515625,614.260009765625,614.260009765625,244722800.0
^DJI,2012-07-13,12573.73046875,12784.73046875,12573.0400390625,12777.08984375,12777.08984375,121080000.0
^GSPC,2012-07-13,1334.81005859375,1357.699951171875,1334.81005859375,1356.780029296875,1356.780029296875,3212930000.0
GC=F,2012-07-13,1567.800048828125,1594.0999755859375,1567.800048828125,1591.5999755859375,1591.5999755859375,26.0
CL=F,2012-07-13,85.86000061035156,87.61000061035156,85.58000183105469,87.0999984741211,87.0999984741211,260828.0
^NYA,2012-07-16,7741.56005859375,7759.47998046875,7705.669921875,7743.02001953125,7743.02001953125,2862720000.0
^IXIC,2012-07-16,2903.030029296875,2910.199951171875,2888.010009765625,2896.93994140625,2896.93994140625,1414470000.0
^FTSE,2012-07-16,5666.10009765625,5670.60009765625,5640.89990234375,5662.39990234375,5662.39990234375,569289800.0
^NSEI,2012-07-16,5232.35009765625,5246.85009765625,5190.4501953125,5197.25,5197.25,0.0
^BSESN,2012-07-16,17241.98046875,17282.30078125,17079.630859375,17103.310546875,17103.310546875,7600.0
000001.SS,2012-07-16,2187.886962890625,2188.06298828125,2146.154052734375,2147.955078125,2147.955078125,67400.0
^N100,2012-07-16,613.030029296875,615.6199951171875,610.9099731445312,615.0800170898438,615.0800170898438,203885400.0
^DJI,2012-07-16,12776.330078125,12779.580078125,12690.0498046875,12727.2099609375,12727.2099609375,93500000.0
^GSPC,2012-07-16,1356.5,1357.260009765625,1348.510009765625,1353.6400146484375,1353.6400146484375,2862720000.0
GC=F,2012-07-16,1586.199951171875,1591.199951171875,1585.800048828125,1591.199951171875,1591.199951171875,7.0
CL=F,2012-07-16,87.12999725341797,88.4800033569336,86.41000366210938,88.43000030517578,88.43000030517578,223124.0
^NYA,2012-07-17,7763.14990234375,7799.66015625,7690.509765625,7794.77001953125,7794.77001953125,3566680000.0
^IXIC,2012-07-17,2911.4599609375,2916.610107421875,2871.64990234375,2910.0400390625,2910.0400390625,1774160000.0
^FTSE,2012-07-17,5662.39990234375,5676.5,5621.2001953125,5629.10009765625,5629.10009765625,602763200.0
^NSEI,2012-07-17,5228.0498046875,5236.7001953125,5181.7001953125,5192.85009765625,5192.85009765625,0.0
^BSESN,2012-07-17,17176.9296875,17236.080078125,17074.630859375,17105.30078125,17105.30078125,9200.0
^N225,2012-07-17,8740.98046875,8808.8701171875,8711.73046875,8755.0,8755.0,112000000.0
000001.SS,2012-07-17,2142.429931640625,2165.3349609375,2141.48095703125,2161.18603515625,2161.18603515625,55200.0
^N100,2012-07-17,616.9400024414062,619.22998046875,613.3699951171875,614.9099731445312,614.9099731445312,317467200.0
^DJI,2012-07-17,12728.73046875,12829.23046875,12645.099609375,12805.5400390625,12805.5400390625,119620000.0
^GSPC,2012-07-17,1353.6800537109375,1365.3599853515625,1345.0699462890625,1363.6700439453125,1363.6700439453125,3566680000.0
GC=F,2012-07-17,1596.0,1596.0,1576.300048828125,1589.0999755859375,1589.0999755859375,27.0
CL=F,2012-07-17,88.26000213623047,89.45999908447266,87.41000366210938,89.22000122070312,89.22000122070312,262785.0
^NYA,2012-07-18,7768.490234375,7846.25,7760.06005859375,7831.08984375,7831.08984375,3642630000.0
^IXIC,2012-07-18,2904.239990234375,2951.300048828125,2902.949951171875,2942.60009765625,2942.60009765625,1817040000.0
^FTSE,2012-07-18,5629.10009765625,5688.2998046875,5624.5,5685.7998046875,5685.7998046875,669962500.0
^NSEI,2012-07-18,5199.10009765625,5222.85009765625,5169.0498046875,5216.2998046875,5216.2998046875,0.0
^BSESN,2012-07-18,17113.369140625,17205.259765625,17038.58984375,17185.009765625,17185.009765625,17600.0
^N225,2012-07-18,8796.150390625,8802.08984375,8715.1396484375,8726.740234375,8726.740234375,119000000.0
000001.SS,2012-07-18,2159.85693359375,2170.2958984375,2138.7919921875,2169.09912109375,2169.09912109375,66600.0
^N100,2012-07-18,617.5599975585938,624.0,616.719970703125,624.0,624.0,245098600.0
^DJI,2012-07-18,12796.98046875,12921.9404296875,12754.6103515625,12908.7001953125,12908.7001953125,130070000.0
^GSPC,2012-07-18,1363.5799560546875,1375.260009765625,1358.9599609375,1372.780029296875,1372.780029296875,3642630000.0
GC=F,2012-07-18,1581.199951171875,1583.699951171875,1569.9000244140625,1570.4000244140625,1570.4000244140625,30.0
CL=F,2012-07-18,89.12999725341797,90.04000091552734,88.58999633789062,89.87000274658203,89.87000274658203,192847.0
^NYA,2012-07-19,7843.52978515625,7871.1298828125,7821.830078125,7849.75,7849.75,4043360000.0
^IXIC,2012-07-19,2961.7099609375,2976.219970703125,2952.419921875,2965.89990234375,2965.89990234375,1735920000.0
^FTSE,2012-07-19,5685.7998046875,5718.60009765625,5685.7998046875,5714.2001953125,5714.2001953125,711475200.0
^NSEI,2012-07-19,5249.85009765625,5257.75,5233.14990234375,5242.7001953125,5242.7001953125,0.0
^BSESN,2012-07-19,17288.33984375,17318.9296875,17244.759765625,17278.849609375,17278.849609375,8000.0
^N225,2012-07-19,8795.0,8835.7998046875,8771.1904296875,8795.5498046875,8795.5498046875,113200000.0
000001.SS,2012-07-19,2164.27392578125,2197.7900390625,2159.943115234375,2184.841064453125,2184.841064453125,79400.0
^N100,2012-07-19,626.0800170898438,631.1400146484375,625.9600219726562,630.8400268554688,630.8400268554688,306688800.0
^DJI,2012-07-19,12909.6103515625,12977.5703125,12889.9296875,12943.3603515625,12943.3603515625,139480000.0
^GSPC,2012-07-19,1373.010009765625,1380.3900146484375,1371.2099609375,1376.510009765625,1376.510009765625,4043360000.0
GC=F,2012-07-19,1580.0,1586.9000244140625,1578.4000244140625,1580.0999755859375,1580.0999755859375,60.0
CL=F,2012-07-19,90.08000183105467,92.94000244140624,89.86000061035156,92.66000366210938,92.66000366210938,102928.0
^NYA,2012-07-20,7795.35986328125,7795.35986328125,7752.18994140625,7759.58984375,7759.58984375,3925020000.0
^IXIC,2012-07-20,2957.02001953125,2957.02001953125,2925.300048828125,2925.300048828125,2925.300048828125,1810420000.0
^FTSE,2012-07-20,5714.2001953125,5714.2001953125,5644.89990234375,5651.7998046875,5651.7998046875,961834500.0
^NSEI,2012-07-20,5233.5498046875,5238.7001953125,5197.5,5205.10009765625,5205.10009765625,0.0
^BSESN,2012-07-20,17275.19921875,17275.19921875,17129.689453125,17158.439453125,17158.439453125,6400.0
^N225,2012-07-20,8785.8701171875,8792.1904296875,8662.7197265625,8669.8701171875,8669.8701171875,116900000.0
000001.SS,2012-07-20,2180.011962890625,2185.73291015625,2162.06298828125,2168.637939453125,2168.637939453125,64400.0
^N100,2012-07-20,629.469970703125,630.489990234375,619.760009765625,620.3400268554688,620.3400268554688,361027600.0
^DJI,2012-07-20,12942.6796875,12942.830078125,12810.349609375,12822.5703125,12822.5703125,210770000.0
^GSPC,2012-07-20,1376.510009765625,1376.510009765625,1362.18994140625,1362.6600341796875,1362.6600341796875,3925020000.0
GC=F,2012-07-20,1583.9000244140625,1584.4000244140625,1576.0999755859375,1582.5,1582.5,5.0
CL=F,2012-07-20,92.22000122070312,92.3000030517578,90.66000366210938,91.44000244140624,91.44000244140624,249172.0
^NYA,2012-07-23,7670.43017578125,7684.4599609375,7596.66015625,7670.5400390625,7670.5400390625,3717180000.0
^IXIC,2012-07-23,2877.510009765625,2898.050048828125,2852.8798828125,2890.14990234375,2890.14990234375,1607140000.0
^FTSE,2012-07-23,5651.7998046875,5651.7998046875,5510.89990234375,5533.89990234375,5533.89990234375,691607200.0
^NSEI,2012-07-23,5163.25,5164.2001953125,5108.10009765625,5117.9501953125,5117.9501953125,0.0
^BSESN,2012-07-23,17047.73046875,17047.73046875,16849.279296875,16877.349609375,16877.349609375,8000.0
^N225,2012-07-23,8582.2802734375,8606.23046875,8500.26953125,8508.3203125,8508.3203125,103300000.0
000001.SS,2012-07-23,2154.1708984375,2154.1708984375,2135.56298828125,2141.402099609375,2141.402099609375,55600.0
^N100,2012-07-23,613.97998046875,614.5599975585938,601.4199829101562,603.77001953125,603.77001953125,350753800.0
^DJI,2012-07-23,12820.4501953125,12820.4501953125,12583.41015625,12721.4599609375,12721.4599609375,137760000.0
^GSPC,2012-07-23,1362.3399658203125,1362.3399658203125,1337.56005859375,1350.52001953125,1350.52001953125,3717180000.0
GC=F,2012-07-23,1571.699951171875,1577.0999755859375,1569.800048828125,1577.0999755859375,1577.0999755859375,4.0
CL=F,2012-07-23,91.61000061035156,91.63999938964844,87.91000366210938,88.13999938964844,88.13999938964844,290355.0
^NYA,2012-07-24,7667.10009765625,7668.759765625,7538.240234375,7590.60986328125,7590.60986328125,3891290000.0
^IXIC,2012-07-24,2894.949951171875,2896.56005859375,2847.219970703125,2862.989990234375,2862.989990234375,1748410000.0
^FTSE,2012-07-24,5533.89990234375,5556.60009765625,5487.0,5499.2001953125,5499.2001953125,551196900.0
^NSEI,2012-07-24,5128.7998046875,5144.0,5103.25,5128.2001953125,5128.2001953125,0.0
^BSESN,2012-07-24,16907.740234375,16962.740234375,16839.69921875,16918.080078125,16918.080078125,12400.0
^N225,2012-07-24,8497.990234375,8517.51953125,8446.1796875,8488.08984375,8488.08984375,126200000.0
000001.SS,2012-07-24,2132.31689453125,2158.947998046875,2131.012939453125,2146.587890625,2146.587890625,54400.0
^N100,2012-07-24,605.8200073242188,606.969970703125,599.9299926757812,599.9299926757812,599.9299926757812,281474400.0
^DJI,2012-07-24,12720.9296875,12730.08984375,12521.83984375,12617.3203125,12617.3203125,131530000.0
^GSPC,2012-07-24,1350.52001953125,1351.530029296875,1329.239990234375,1338.31005859375,1338.31005859375,3891290000.0
GC=F,2012-07-24,1574.0,1581.9000244140625,1574.0,1576.0,1576.0,9.0
CL=F,2012-07-24,88.05000305175781,89.08999633789062,87.43000030517578,88.5,88.5,309865.0
^NYA,2012-07-25,7618.080078125,7639.330078125,7569.0400390625,7607.56982421875,7607.56982421875,3719170000.0
^IXIC,2012-07-25,2856.780029296875,2870.219970703125,2839.760009765625,2854.239990234375,2854.239990234375,1784150000.0
^FTSE,2012-07-25,5499.2001953125,5526.10009765625,5478.0,5498.2998046875,5498.2998046875,621394800.0
^NSEI,2012-07-25,5118.39990234375,5121.60009765625,5076.60009765625,5109.60009765625,5109.60009765625,0.0
^BSESN,2012-07-25,16899.009765625,16899.009765625,16736.599609375,16846.05078125,16846.05078125,10800.0
^N225,2012-07-25,8410.98046875,8433.580078125,8328.01953125,8365.900390625,8365.900390625,137400000.0
000001.SS,2012-07-25,2141.035888671875,2151.449951171875,2132.8330078125,2136.15087890625,2136.15087890625,48600.0
^N100,2012-07-25,598.8200073242188,606.010009765625,598.5700073242188,601.1900024414062,601.1900024414062,266933400.0
^DJI,2012-07-25,12617.76953125,12732.76953125,12617.6201171875,12676.0498046875,12676.0498046875,127320000.0
^GSPC,2012-07-25,1338.3499755859375,1343.97998046875,1331.5,1337.8900146484375,1337.8900146484375,3719170000.0
GC=F,2012-07-25,1583.699951171875,1608.0,1583.300048828125,1608.0,1608.0,12.0
CL=F,2012-07-25,88.19999694824219,89.36000061035156,86.83999633789062,88.97000122070312,88.97000122070312,289552.0
^NYA,2012-07-26,7691.75,7770.22021484375,7691.75,7754.509765625,7754.509765625,4429300000.0
^IXIC,2012-07-26,2896.679931640625,2905.570068359375,2876.010009765625,2893.25,2893.25,1981520000.0
^FTSE,2012-07-26,5498.2998046875,5594.5,5478.0,5573.2001953125,5573.2001953125,817687800.0
^NSEI,2012-07-26,5126.2998046875,5126.2998046875,5032.39990234375,5043.0,5043.0,0.0
^BSESN,2012-07-26,16887.83984375,16899.76953125,16598.48046875,16639.8203125,16639.8203125,12800.0
^N225,2012-07-26,8408.2197265625,8448.5498046875,8358.509765625,8443.099609375,8443.099609375,153400000.0
000001.SS,2012-07-26,2134.987060546875,2147.6640625,2124.155029296875,2126.00390625,2126.00390625,52800.0
^N100,2012-07-26,602.6599731445312,621.0399780273438,599.3200073242188,621.030029296875,621.030029296875,449226600.0
^DJI,2012-07-26,12680.58984375,12931.2197265625,12680.58984375,12887.9296875,12887.9296875,133620000.0
^GSPC,2012-07-26,1338.1700439453125,1363.1300048828125,1338.1700439453125,1360.02001953125,1360.02001953125,4429300000.0
GC=F,2012-07-26,1614.9000244140625,1615.0,1614.0999755859375,1615.0,1615.0,7.0
CL=F,2012-07-26,89.0999984741211,90.47000122070312,88.06999969482422,89.38999938964844,89.38999938964844,233400.0
^NYA,2012-07-27,7792.9599609375,7932.97021484375,7792.9599609375,7912.16015625,7912.16015625,4399010000.0
^IXIC,2012-07-27,2906.5,2961.8701171875,2900.97998046875,2958.090087890625,2958.090087890625,2102610000.0
^FTSE,2012-07-27,5573.2001953125,5631.0,5550.89990234375,5627.2001953125,5627.2001953125,732786100.0
^NSEI,2012-07-27,5124.2998046875,5149.9501953125,5077.5,5099.85009765625,5099.85009765625,0.0
^BSESN,2012-07-27,16860.16015625,16975.029296875,16760.720703125,16839.189453125,16839.189453125,11400.0
^N225,2012-07-27,8547.33984375,8569.08984375,8522.740234375,8566.6396484375,8566.6396484375,129100000.0
000001.SS,2012-07-27,2132.009033203125,2139.154052734375,2120.6298828125,2128.764892578125,2128.764892578125,52000.0
^N100,2012-07-27,623.3300170898438,630.8200073242188,617.969970703125,630.8200073242188,630.8200073242188,343840400.0
^DJI,2012-07-27,12888.91015625,13117.740234375,12888.5302734375,13075.66015625,13075.66015625,161510000.0
^GSPC,2012-07-27,1360.050048828125,1389.18994140625,1360.050048828125,1385.969970703125,1385.969970703125,4399010000.0
GC=F,2012-07-27,1613.4000244140625,1617.9000244140625,1613.4000244140625,1617.9000244140625,1617.9000244140625,197976.0
CL=F,2012-07-27,89.43000030517578,90.4499969482422,89.12999725341797,90.12999725341795,90.12999725341795,210412.0
^NYA,2012-07-30,7898.0400390625,7939.14990234375,7885.89990234375,7911.0400390625,7911.0400390625,3212060000.0
^IXIC,2012-07-30,2959.070068359375,2970.300048828125,2939.0400390625,2945.840087890625,2945.840087890625,1483990000.0
^FTSE,2012-07-30,5627.2001953125,5706.5,5625.7001953125,5693.60009765625,5693.60009765625,648632900.0
^NSEI,2012-07-30,5129.75,5206.60009765625,5129.75,5199.7998046875,5199.7998046875,0.0
^BSESN,2012-07-30,16919.140625,17163.94921875,16919.140625,17143.6796875,17143.6796875,8000.0
^N225,2012-07-30,8658.830078125,8663.2998046875,8589.1904296875,8635.4404296875,8635.4404296875,112000000.0
000001.SS,2012-07-30,2128.158935546875,2137.736083984375,2107.634033203125,2109.9140625,2109.9140625,52000.0
^N100,2012-07-30,633.77001953125,640.469970703125,632.5399780273438,638.8400268554688,638.8400268554688,285716000.0
^DJI,2012-07-30,13075.349609375,13128.6396484375,13042.849609375,13073.009765625,13073.009765625,91730000.0
^GSPC,2012-07-30,1385.93994140625,1391.739990234375,1381.3699951171875,1385.300048828125,1385.300048828125,3212060000.0
GC=F,2012-07-30,1622.9000244140625,1625.800048828125,1613.0999755859375,1619.699951171875,1619.699951171875,52890.0
CL=F,2012-07-30,90.13999938964844,90.9499969482422,89.33000183105469,89.77999877929688,89.77999877929688,191095.0
^NYA,2012-07-31,7894.7001953125,7917.41015625,7863.2099609375,7863.93017578125,7863.93017578125,3821570000.0
^IXIC,2012-07-31,2945.080078125,2959.6201171875,2938.409912109375,2939.52001953125,2939.52001953125,1801440000.0
^FTSE,2012-07-31,5693.60009765625,5695.5,5635.2998046875,5635.2998046875,5635.2998046875,645790800.0
^NSEI,2012-07-31,5214.85009765625,5234.5498046875,5154.0498046875,5229.0,5229.0,0.0
^BSESN,2012-07-31,17186.609375,17253.669921875,17004.08984375,17236.1796875,17236.1796875,10400.0
^N225,2012-07-31,8600.919921875,8732.83984375,8585.259765625,8695.0595703125,8695.0595703125,140300000.0
000001.SS,2012-07-31,2109.324951171875,2116.904052734375,2100.251953125,2103.635009765625,2103.635009765625,53400.0
^N100,2012-07-31,636.7999877929688,638.1099853515625,632.0399780273438,632.1699829101562,632.1699829101562,276901800.0
^DJI,2012-07-31,13071.7197265625,13082.66015625,13006.48046875,13008.6796875,13008.6796875,125980000.0
^GSPC,2012-07-31,1385.27001953125,1387.1600341796875,1379.1700439453125,1379.3199462890625,1379.3199462890625,3821570000.0
GC=F,2012-07-31,1621.0999755859375,1627.5,1610.0,1610.5,1610.5,6281.0
CL=F,2012-07-31,89.66999816894531,90.3000030517578,87.30999755859375,88.05999755859375,88.05999755859375,282851.0
^NYA,2012-08-01,7891.33984375,7898.14013671875,7839.7001953125,7841.330078125,7841.330078125,4440920000.0
^IXIC,2012-08-01,2956.719970703125,2958.280029296875,2917.780029296875,2920.2099609375,2920.2099609375,1722530000.0
^FTSE,2012-08-01,5635.2998046875,5712.7998046875,5633.0,5712.7998046875,5712.7998046875,554180400.0
^NSEI,2012-08-01,5220.7001953125,5246.35009765625,5212.64990234375,5240.5,5240.5,0.0
^BSESN,2012-08-01,17244.439453125,17291.990234375,17189.16015625,17257.380859375,17257.380859375,9200.0
^N225,2012-08-01,8622.0400390625,8654.6103515625,8578.16015625,8641.849609375,8641.849609375,123200000.0
000001.SS,2012-08-01,2101.722900390625,2130.7119140625,2101.7080078125,2123.360107421875,2123.360107421875,53800.0
^N100,2012-08-01,633.0900268554688,638.6400146484375,633.0900268554688,637.22998046875,637.22998046875,227545800.0
^DJI,2012-08-01,13007.4697265625,13074.830078125,12951.16015625,12976.1298828125,12976.1298828125,132780000.0
^GSPC,2012-08-01,1379.3199462890625,1385.030029296875,1373.3499755859375,1375.3199462890625,1375.3199462890625,4440920000.0
GC=F,2012-08-01,1613.4000244140625,1617.199951171875,1592.0,1603.699951171875,1603.699951171875,3530.0
CL=F,2012-08-01,88.02999877929688,89.47000122070312,87.51000213623047,88.91000366210938,88.91000366210938,281204.0
^NYA,2012-08-02,7791.490234375,7823.919921875,7710.830078125,7765.60009765625,7765.60009765625,4193740000.0
^IXIC,2012-08-02,2900.4599609375,2934.64990234375,2890.85009765625,2909.77001953125,2909.77001953125,1822620000.0
^FTSE,2012-08-02,5712.7998046875,5765.7998046875,5657.2998046875,5662.2998046875,5662.2998046875,805200700.0
^NSEI,2012-08-02,5233.10009765625,5236.89990234375,5209.9501953125,5227.75,5227.75,0.0
^BSESN,2012-08-02,17245.6796875,17246.009765625,17157.279296875,17224.359375,17224.359375,15200.0
^N225,2012-08-02,8642.8896484375,8705.91015625,8635.509765625,8653.1796875,8653.1796875,127000000.0
000001.SS,2012-08-02,2120.14599609375,2126.4599609375,2103.4951171875,2111.181884765625,2111.181884765625,53400.0
^N100,2012-08-02,637.4400024414062,645.1799926757812,624.6099853515625,624.6099853515625,624.6099853515625,443325400.0
^DJI,2012-08-02,12969.7001953125,12969.849609375,12778.900390625,12878.8798828125,12878.8798828125,112770000.0
^GSPC,2012-08-02,1375.1300048828125,1375.1300048828125,1354.6500244140625,1365.0,1365.0,4193740000.0
GC=F,2012-08-02,1600.0,1615.0,1583.0999755859375,1587.4000244140625,1587.4000244140625,933.0
CL=F,2012-08-02,88.87000274658203,89.62999725341797,86.91999816894531,87.12999725341797,87.12999725341797,302698.0
^NYA,2012-08-03,7848.31982421875,7960.0498046875,7848.31982421875,7939.5498046875,7939.5498046875,3751170000.0
^IXIC,2012-08-03,2951.280029296875,2977.409912109375,2945.81005859375,2967.89990234375,2967.89990234375,1730210000.0
^FTSE,2012-08-03,5662.2998046875,5794.0,5662.2998046875,5787.2998046875,5787.2998046875,748571600.0
^NSEI,2012-08-03,5195.60009765625,5220.2001953125,5164.64990234375,5215.7001953125,5215.7001953125,0.0
^BSESN,2012-08-03,17164.48046875,17208.359375,17026.970703125,17197.9296875,17197.9296875,7600.0
^N225,2012-08-03,8539.7099609375,8565.0595703125,8513.2001953125,8555.1103515625,8555.1103515625,141700000.0
000001.SS,2012-08-03,2113.964111328125,2133.26611328125,2108.330078125,2132.7958984375,2132.7958984375,53400.0
^N100,2012-08-03,626.6199951171875,645.77001953125,625.2999877929688,645.77001953125,645.77001953125,311783800.0
^DJI,2012-08-03,12884.8203125,13133.1796875,12884.8203125,13096.169921875,13096.169921875,112390000.0
^GSPC,2012-08-03,1365.449951171875,1394.1600341796875,1365.449951171875,1390.989990234375,1390.989990234375,3751170000.0
GC=F,2012-08-03,1589.300048828125,1606.0,1585.0999755859375,1606.0,1606.0,676.0
CL=F,2012-08-03,87.26000213623047,91.73999786376952,87.2300033569336,91.4000015258789,91.4000015258789,301783.0
^NYA,2012-08-06,7958.43017578125,7997.43994140625,7958.43017578125,7964.08984375,7964.08984375,3122050000.0
^IXIC,2012-08-06,2978.159912109375,3000.239990234375,2974.22998046875,2989.909912109375,2989.909912109375,1528260000.0
^FTSE,2012-08-06,5787.2998046875,5837.60009765625,5767.10009765625,5808.7998046875,5808.7998046875,613098000.0
^NSEI,2012-08-06,5260.85009765625,5293.2001953125,5260.85009765625,5282.5498046875,5282.5498046875,0.0
^BSESN,2012-08-06,17313.05078125,17451.529296875,17313.05078125,17412.9609375,17412.9609375,6600.0
^N225,2012-08-06,8683.2001953125,8751.7998046875,8676.25,8726.2900390625,8726.2900390625,113000000.0
000001.SS,2012-08-06,2129.14794921875,2158.680908203125,2127.262939453125,2154.916015625,2154.916015625,71800.0
^N100,2012-08-06,644.7899780273438,652.3099975585938,643.1500244140625,649.780029296875,649.780029296875,261708800.0
^DJI,2012-08-06,13099.8798828125,13187.2802734375,13099.7197265625,13117.509765625,13117.509765625,84270000.0
^GSPC,2012-08-06,1391.0400390625,1399.6300048828125,1391.0400390625,1394.22998046875,1394.22998046875,3122050000.0
GC=F,2012-08-06,1604.699951171875,1614.0999755859375,1603.199951171875,1612.9000244140625,1612.9000244140625,662.0
CL=F,2012-08-06,91.33999633789062,92.33000183105467,90.62999725341795,92.1999969482422,92.1999969482422,194374.0
^NYA,2012-08-07,7997.72021484375,8049.6298828125,7997.72021484375,8017.7099609375,8017.7099609375,3682490000.0
^IXIC,2012-08-07,3002.659912109375,3028.610107421875,3002.090087890625,3015.860107421875,3015.860107421875,1899240000.0
^FTSE,2012-08-07,5808.7998046875,5841.2001953125,5785.0,5841.2001953125,5841.2001953125,779689000.0
^NSEI,2012-08-07,5295.39990234375,5350.10009765625,5281.64990234375,5336.7001953125,5336.7001953125,0.0
^BSESN,2012-08-07,17456.369140625,17641.55078125,17417.919921875,17601.779296875,17601.779296875,12000.0
^N225,2012-08-07,8714.1201171875,8812.419921875,8711.900390625,8803.3095703125,8803.3095703125,109300000.0
000001.SS,2012-08-07,2153.093017578125,2159.68310546875,2148.89697265625,2157.6201171875,2157.6201171875,75000.0
^N100,2012-08-07,649.0499877929688,657.8499755859375,648.8300170898438,657.510009765625,657.510009765625,293363000.0
^DJI,2012-08-07,13118.650390625,13215.9697265625,13118.419921875,13168.599609375,13168.599609375,95240000.0
^GSPC,2012-08-07,1394.4599609375,1407.1400146484375,1394.4599609375,1401.3499755859375,1401.3499755859375,3682490000.0
GC=F,2012-08-07,1610.800048828125,1615.699951171875,1609.300048828125,1609.699951171875,1609.699951171875,449.0
CL=F,2012-08-07,92.0500030517578,94.41999816894533,91.77999877929688,93.66999816894533,93.66999816894533,260012.0
^NYA,2012-08-08,7989.68017578125,8033.3798828125,7984.8798828125,8018.240234375,8018.240234375,3221790000.0
^IXIC,2012-08-08,3003.77001953125,3018.89990234375,3002.409912109375,3011.25,3011.25,1874580000.0
^FTSE,2012-08-08,5841.2001953125,5845.89990234375,5801.10009765625,5845.89990234375,5845.89990234375,588922600.0
^NSEI,2012-08-08,5345.25,5377.60009765625,5331.0498046875,5338.0,5338.0,0.0
^BSESN,2012-08-08,17638.529296875,17726.640625,17582.66015625,17600.560546875,17600.560546875,14400.0
^N225,2012-08-08,8889.3798828125,8962.9501953125,8851.58984375,8881.16015625,8881.16015625,162300000.0
000001.SS,2012-08-08,2158.98193359375,2168.73388671875,2153.02001953125,2160.989990234375,2160.989990234375,72800.0
^N100,2012-08-08,654.6699829101562,656.9299926757812,651.530029296875,654.260009765625,654.260009765625,237972200.0
^DJI,2012-08-08,13158.099609375,13202.650390625,13115.240234375,13175.6396484375,13175.6396484375,84910000.0
^GSPC,2012-08-08,1401.22998046875,1404.1400146484375,1396.1300048828125,1402.219970703125,1402.219970703125,3221790000.0
GC=F,2012-08-08,1610.199951171875,1614.800048828125,1603.0,1612.9000244140625,1612.9000244140625,341.0
CL=F,2012-08-08,93.41000366210938,94.72000122070312,92.81999969482422,93.3499984741211,93.3499984741211,269931.0
^NYA,2012-08-09,8008.0,8046.39013671875,8002.9599609375,8025.0,8025.0,3119610000.0
^IXIC,2012-08-09,3009.860107421875,3022.68994140625,3007.300048828125,3018.639892578125,3018.639892578125,1677970000.0
^FTSE,2012-08-09,5845.89990234375,5860.2001953125,5828.39990234375,5851.5,5851.5,741075800.0
^NSEI,2012-08-09,5348.2998046875,5368.2001953125,5312.10009765625,5322.9501953125,5322.9501953125,0.0
^BSESN,2012-08-09,17612.080078125,17702.98046875,17516.990234375,17560.869140625,17560.869140625,14600.0
^N225,2012-08-09,8870.8095703125,9004.8095703125,8862.169921875,8978.599609375,8978.599609375,151200000.0
000001.SS,2012-08-09,2159.43408203125,2175.544921875,2148.694091796875,2174.10205078125,2174.10205078125,72600.0
^N100,2012-08-09,657.0900268554688,658.9099731445312,652.469970703125,658.2999877929688,658.2999877929688,242134600.0
^DJI,2012-08-09,13174.73046875,13200.23046875,13125.08984375,13165.1904296875,13165.1904296875,84350000.0
^GSPC,2012-08-09,1402.260009765625,1405.949951171875,1398.800048828125,1402.800048828125,1402.800048828125,3119610000.0
GC=F,2012-08-09,1612.800048828125,1617.199951171875,1610.0999755859375,1617.0999755859375,1617.0999755859375,433.0
CL=F,2012-08-09,93.43000030517578,94.20999908447266,93.06999969482422,93.36000061035156,93.36000061035156,258637.0
^NYA,2012-08-10,7994.240234375,8045.64013671875,7973.56982421875,8044.759765625,8044.759765625,2767980000.0
^IXIC,2012-08-10,3008.830078125,3020.860107421875,3003.3798828125,3020.860107421875,3020.860107421875,1556460000.0
^FTSE,2012-08-10,5851.5,5858.60009765625,5827.7001953125,5847.10009765625,5847.10009765625,466836800.0
^NSEI,2012-08-10,5308.2001953125,5330.10009765625,5294.10009765625,5320.39990234375,5320.39990234375,0.0
^BSESN,2012-08-10,17515.419921875,17590.609375,17471.369140625,17557.740234375,17557.740234375,13600.0
^N225,2012-08-10,8931.919921875,8954.849609375,8857.23046875,8891.4404296875,8891.4404296875,120000000.0
000001.SS,2012-08-10,2172.964111328125,2176.794921875,2165.283935546875,2168.81396484375,2168.81396484375,68400.0
^N100,2012-08-10,655.4600219726562,655.969970703125,651.5900268554688,655.1699829101562,655.1699829101562,202509400.0
^DJI,2012-08-10,13163.150390625,13208.2197265625,13094.9599609375,13207.9501953125,13207.9501953125,86640000.0
^GSPC,2012-08-10,1402.5799560546875,1405.97998046875,1395.6199951171875,1405.8699951171875,1405.8699951171875,2767980000.0
GC=F,2012-08-10,1615.800048828125,1624.0999755859375,1605.0,1619.699951171875,1619.699951171875,1219.0
CL=F,2012-08-10,93.45999908447266,93.87000274658205,91.70999908447266,92.87000274658205,92.87000274658205,224512.0
^NYA,2012-08-13,8035.2998046875,8039.43994140625,7985.52978515625,8018.64013671875,8018.64013671875,2499990000.0
^IXIC,2012-08-13,3018.27001953125,3023.030029296875,2999.1201171875,3022.52001953125,3022.52001953125,1353380000.0
^FTSE,2012-08-13,5847.10009765625,5852.7998046875,5813.60009765625,5831.89990234375,5831.89990234375,410230200.0
^NSEI,2012-08-13,5316.35009765625,5352.4501953125,5309.0498046875,5347.89990234375,5347.89990234375,0.0
^BSESN,2012-08-13,17551.689453125,17642.380859375,17522.099609375,17633.44921875,17633.44921875,9000.0
^N225,2012-08-13,8871.6796875,8906.2099609375,8867.6298828125,8885.150390625,8885.150390625,72100000.0
000001.SS,2012-08-13,2164.04296875,2164.04296875,2134.553955078125,2136.077880859375,2136.077880859375,71400.0
^N100,2012-08-13,653.6199951171875,657.1500244140625,650.1199951171875,652.6699829101562,652.6699829101562,168459200.0
^DJI,2012-08-13,13204.9296875,13205.009765625,13112.9404296875,13169.4296875,13169.4296875,67550000.0
^GSPC,2012-08-13,1405.8699951171875,1405.8699951171875,1397.3199462890625,1404.1099853515625,1404.1099853515625,2499990000.0
GC=F,2012-08-13,1622.0,1623.699951171875,1607.300048828125,1609.5999755859375,1609.5999755859375,402.0
CL=F,2012-08-13,93.25,94.13999938964844,92.0500030517578,92.7300033569336,92.7300033569336,280268.0
^NYA,2012-08-14,8042.490234375,8054.7998046875,8002.02978515625,8019.52978515625,8019.52978515625,2930900000.0
^IXIC,2012-08-14,3032.669921875,3034.159912109375,3009.929931640625,3016.97998046875,3016.97998046875,1567830000.0
^FTSE,2012-08-14,5831.89990234375,5876.2001953125,5831.89990234375,5864.7998046875,5864.7998046875,627904000.0
^NSEI,2012-08-14,5343.25,5387.0498046875,5328.7998046875,5380.35009765625,5380.35009765625,0.0
^BSESN,2012-08-14,17631.640625,17753.4296875,17572.33984375,17728.19921875,17728.19921875,10000.0
^N225,2012-08-14,8913.7001953125,8970.990234375,8897.8701171875,8929.8798828125,8929.8798828125,117500000.0
000001.SS,2012-08-14,2137.047119140625,2144.006103515625,2119.2529296875,2142.52392578125,2142.52392578125,67600.0
^N100,2012-08-14,655.47998046875,658.1400146484375,653.47998046875,656.02001953125,656.02001953125,168030600.0
^DJI,2012-08-14,13168.1103515625,13223.009765625,13142.099609375,13172.1396484375,13172.1396484375,84430000.0
^GSPC,2012-08-14,1404.3599853515625,1410.030029296875,1400.5999755859375,1403.9300537109375,1403.9300537109375,2930900000.0
GC=F,2012-08-14,1612.800048828125,1615.5999755859375,1591.199951171875,1599.4000244140625,1599.4000244140625,910.0
CL=F,2012-08-14,92.70999908447266,93.91999816894533,92.55999755859376,93.43000030517578,93.43000030517578,200411.0
^NYA,2012-08-15,8009.14013671875,8039.5400390625,8003.14990234375,8029.009765625,8029.009765625,2655750000.0
^IXIC,2012-08-15,3013.330078125,3032.06005859375,3013.330078125,3030.929931640625,3030.929931640625,1536730000.0
^FTSE,2012-08-15,5864.7998046875,5864.7998046875,5822.2998046875,5833.0,5833.0,560382800.0
^N225,2012-08-15,8960.2802734375,8960.2802734375,8866.0595703125,8925.0400390625,8925.0400390625,104400000.0
000001.SS,2012-08-15,2138.278076171875,2139.14208984375,2118.5029296875,2118.945068359375,2118.945068359375,54600.0
^N100,2012-08-15,653.1599731445312,658.5,651.989990234375,656.2899780273438,656.2899780273438,121026400.0
^DJI,2012-08-15,13157.4697265625,13192.8896484375,13138.23046875,13164.7802734375,13164.7802734375,77130000.0
^GSPC,2012-08-15,1403.8900146484375,1407.72998046875,1401.8299560546875,1405.530029296875,1405.530029296875,2655750000.0
GC=F,2012-08-15,1593.800048828125,1604.5999755859375,1592.0,1603.699951171875,1603.699951171875,280.0
CL=F,2012-08-15,93.25,94.9000015258789,92.68000030517578,94.33000183105467,94.33000183105467,281643.0
^NYA,2012-08-16,8031.39013671875,8099.1298828125,8019.02001953125,8089.990234375,8089.990234375,3114100000.0
^IXIC,2012-08-16,3037.179931640625,3067.43994140625,3033.280029296875,3062.389892578125,3062.389892578125,1937430000.0
^FTSE,2012-08-16,5833.0,5846.7001953125,5811.2998046875,5834.5,5834.5,587033800.0
^NSEI,2012-08-16,5385.9501953125,5390.64990234375,5356.64990234375,5362.9501953125,5362.9501953125,0.0
^BSESN,2012-08-16,17752.220703125,17763.58984375,17640.619140625,17657.2109375,17657.2109375,8800.0
^N225,2012-08-16,8967.1103515625,9094.08984375,8962.9697265625,9092.759765625,9092.759765625,115300000.0
000001.SS,2012-08-16,2116.080078125,2122.68310546875,2109.657958984375,2112.197021484375,2112.197021484375,45200.0
^N100,2012-08-16,657.260009765625,660.1699829101562,654.469970703125,660.1699829101562,660.1699829101562,189389800.0
^DJI,2012-08-16,13163.240234375,13269.349609375,13145.849609375,13250.1103515625,13250.1103515625,114580000.0
^GSPC,2012-08-16,1405.5699462890625,1417.43994140625,1404.1500244140625,1415.510009765625,1415.510009765625,3114100000.0
GC=F,2012-08-16,1600.199951171875,1616.0999755859375,1600.199951171875,1616.0999755859375,1616.0999755859375,199.0
CL=F,2012-08-16,94.20999908447266,95.75,93.93000030517578,95.5999984741211,95.5999984741211,212628.0
^NYA,2012-08-17,8099.02001953125,8104.47021484375,8079.35009765625,8102.06982421875,8102.06982421875,2922990000.0
^IXIC,2012-08-17,3067.110107421875,3076.719970703125,3060.14990234375,3076.590087890625,3076.590087890625,1640640000.0
^FTSE,2012-08-17,5834.5,5854.7001953125,5834.39990234375,5852.39990234375,5852.39990234375,731769500.0
^NSEI,2012-08-17,5368.60009765625,5399.9501953125,5341.7001953125,5366.2998046875,5366.2998046875,0.0
^BSESN,2012-08-17,17701.19921875,17801.390625,17622.619140625,17691.080078125,17691.080078125,9800.0
^N225,2012-08-17,9120.2197265625,9181.5703125,9097.0,9162.5,9162.5,132500000.0
000001.SS,2012-08-17,2111.653076171875,2120.714111328125,2100.787109375,2114.89111328125,2114.89111328125,44400.0
^N100,2012-08-17,662.22998046875,664.0900268554688,660.4500122070312,662.3300170898438,662.3300170898438,242610800.0
^DJI,2012-08-17,13251.2001953125,13281.3203125,13244.849609375,13275.2001953125,13275.2001953125,138550000.0
^GSPC,2012-08-17,1415.8399658203125,1418.7099609375,1414.6700439453125,1418.1600341796875,1418.1600341796875,2922990000.0
GC=F,2012-08-17,1617.800048828125,1617.800048828125,1611.4000244140625,1616.300048828125,1616.300048828125,249.0
CL=F,2012-08-17,95.2300033569336,96.27999877929688,94.9800033569336,96.01000213623048,96.01000213623048,162591.0
^NYA,2012-08-20,8088.5498046875,8096.7001953125,8058.89013671875,8094.330078125,8094.330078125,2766320000.0
^IXIC,2012-08-20,3072.659912109375,3076.2099609375,3059.89990234375,3076.2099609375,3076.2099609375,1451550000.0
^FTSE,2012-08-20,5852.39990234375,5857.5,5802.89990234375,5824.39990234375,5824.39990234375,692842000.0
^N225,2012-08-20,9202.3603515625,9222.8701171875,9150.7900390625,9171.16015625,9171.16015625,91300000.0
000001.SS,2012-08-20,2102.23095703125,2110.780029296875,2089.01806640625,2106.95703125,2106.95703125,46800.0
^N100,2012-08-20,661.6099853515625,665.1900024414062,657.6699829101562,660.6500244140625,660.6500244140625,198489800.0
^DJI,2012-08-20,13274.580078125,13276.150390625,13230.0595703125,13271.6396484375,13271.6396484375,87590000.0
^GSPC,2012-08-20,1417.8499755859375,1418.1300048828125,1412.1199951171875,1418.1300048828125,1418.1300048828125,2766320000.0
GC=F,2012-08-20,1614.0,1621.4000244140625,1611.5999755859375,1620.0999755859375,1620.0999755859375,68.0
CL=F,2012-08-20,96.36000061035156,96.52999877929688,95.0199966430664,95.97000122070312,95.97000122070312,113309.0
^NYA,2012-08-21,8117.0,8160.419921875,8070.2900390625,8082.68017578125,8082.68017578125,3282950000.0
^IXIC,2012-08-21,3085.25,3100.5400390625,3058.739990234375,3067.260009765625,3067.260009765625,1574220000.0
^FTSE,2012-08-21,5824.39990234375,5872.60009765625,5824.39990234375,5857.5,5857.5,501843600.0
^NSEI,2012-08-21,5368.7001953125,5425.14990234375,5368.7001953125,5421.0,5421.0,0.0
^BSESN,2012-08-21,17705.140625,17898.349609375,17705.140625,17885.259765625,17885.259765625,9200.0
^N225,2012-08-21,9165.150390625,9196.669921875,9146.0703125,9156.919921875,9156.919921875,84200000.0
000001.SS,2012-08-21,2106.381103515625,2124.195068359375,2103.071044921875,2118.26806640625,2118.26806640625,60800.0
^N100,2012-08-21,662.1099853515625,666.9199829101562,662.1099853515625,665.2100219726562,665.2100219726562,192693200.0
^DJI,2012-08-21,13272.099609375,13330.759765625,13186.599609375,13203.580078125,13203.580078125,117060000.0
^GSPC,2012-08-21,1418.1300048828125,1426.6800537109375,1410.8599853515625,1413.1700439453125,1413.1700439453125,3282950000.0
GC=F,2012-08-21,1620.0,1639.9000244140625,1620.0,1639.9000244140625,1639.9000244140625,258.0
CL=F,2012-08-21,95.97000122070312,97.5999984741211,95.80999755859376,96.68000030517578,96.68000030517578,220192.0
^NYA,2012-08-22,8061.2001953125,8086.6201171875,8030.3701171875,8074.2001953125,8074.2001953125,3062690000.0
^IXIC,2012-08-22,3059.93994140625,3080.72998046875,3053.429931640625,3073.669921875,3073.669921875,1459130000.0
^FTSE,2012-08-22,5857.5,5857.5,5771.2001953125,5774.2001953125,5774.2001953125,535193100.0
^NSEI,2012-08-22,5395.75,5433.35009765625,5394.7998046875,5412.85009765625,5412.85009765625,0.0
^BSESN,2012-08-22,17827.25,17912.080078125,17800.2890625,17846.859375,17846.859375,8800.0
^N225,2012-08-22,9150.6904296875,9162.9697265625,9075.080078125,9131.740234375,9131.740234375,85900000.0
000001.SS,2012-08-22,2118.881103515625,2121.14892578125,2097.60498046875,2107.7109375,2107.7109375,58400.0
^N100,2012-08-22,660.3499755859375,662.260009765625,657.25,657.3300170898438,657.3300170898438,181529400.0
^DJI,2012-08-22,13198.3095703125,13205.0595703125,13120.33984375,13172.759765625,13172.759765625,111220000.0
^GSPC,2012-08-22,1413.0899658203125,1416.1199951171875,1406.780029296875,1413.489990234375,1413.489990234375,3062690000.0
GC=F,2012-08-22,1638.4000244140625,1653.0999755859375,1635.0,1637.4000244140625,1637.4000244140625,37.0
CL=F,2012-08-22,96.94000244140624,97.54000091552734,96.26000213623048,97.26000213623048,97.26000213623048,217435.0
^NYA,2012-08-23,8063.7998046875,8063.7998046875,8001.60986328125,8011.43994140625,8011.43994140625,3008240000.0
^IXIC,2012-08-23,3065.820068359375,3070.340087890625,3045.52001953125,3053.39990234375,3053.39990234375,1383860000.0
^FTSE,2012-08-23,5774.2001953125,5809.2998046875,5764.0,5776.60009765625,5776.60009765625,636105200.0
^NSEI,2012-08-23,5426.14990234375,5448.60009765625,5393.85009765625,5415.35009765625,5415.35009765625,0.0
^BSESN,2012-08-23,17856.2890625,17972.5390625,17792.869140625,17850.220703125,17850.220703125,9200.0
^N225,2012-08-23,9080.669921875,9194.4697265625,9062.5400390625,9178.1201171875,9178.1201171875,102800000.0
000001.SS,2012-08-23,2106.9599609375,2118.736083984375,2097.0830078125,2113.072021484375,2113.072021484375,58400.0
^N100,2012-08-23,661.6300048828125,662.6799926757812,649.3400268554688,651.9299926757812,651.9299926757812,206303600.0
^DJI,2012-08-23,13171.3701171875,13171.3701171875,13046.4599609375,13057.4599609375,13057.4599609375,108800000.0
^GSPC,2012-08-23,1413.489990234375,1413.489990234375,1400.5,1402.0799560546875,1402.0799560546875,3008240000.0
GC=F,2012-08-23,1659.9000244140625,1672.699951171875,1658.0,1669.5999755859375,1669.5999755859375,141.0
CL=F,2012-08-23,97.3000030517578,98.29000091552734,95.75,96.2699966430664,96.2699966430664,225156.0
^NYA,2012-08-24,7993.43017578125,8061.8701171875,7979.33984375,8047.8701171875,8047.8701171875,2598790000.0
^IXIC,2012-08-24,3045.219970703125,3076.800048828125,3042.219970703125,3069.7900390625,3069.7900390625,1349740000.0
^FTSE,2012-08-24,5776.60009765625,5791.39990234375,5739.39990234375,5776.60009765625,5776.60009765625,487763900.0
^NSEI,2012-08-24,5392.60009765625,5399.64990234375,5371.0,5386.7001953125,5386.7001953125,0.0
^BSESN,2012-08-24,17790.25,17822.5,17725.419921875,17783.2109375,17783.2109375,8200.0
^N225,2012-08-24,9069.9501953125,9090.669921875,9045.7900390625,9070.759765625,9070.759765625,85700000.0
000001.SS,2012-08-24,2108.360107421875,2109.822021484375,2089.217041015625,2092.10400390625,2092.10400390625,60200.0
^N100,2012-08-24,652.1199951171875,654.1599731445312,646.8300170898438,652.5900268554688,652.5900268554688,193072600.0
^DJI,2012-08-24,13052.8203125,13175.509765625,13027.2001953125,13157.9697265625,13157.9697265625,88030000.0
^GSPC,2012-08-24,1401.989990234375,1413.4599609375,1398.0400390625,1411.1300048828125,1411.1300048828125,2598790000.0
GC=F,2012-08-24,1665.800048828125,1669.800048828125,1662.199951171875,1669.800048828125,1669.800048828125,24.0
CL=F,2012-08-24,96.05999755859376,97.16999816894533,95.41000366210938,96.1500015258789,96.1500015258789,204231.0
^NYA,2012-08-27,8056.41015625,8070.85986328125,8031.330078125,8036.240234375,8036.240234375,2472500000.0
^IXIC,2012-08-27,3083.6201171875,3085.81005859375,3068.1298828125,3073.18994140625,3073.18994140625,1383530000.0
^NSEI,2012-08-27,5387.85009765625,5399.14990234375,5346.64990234375,5350.25,5350.25,0.0
^BSESN,2012-08-27,17769.439453125,17820.0703125,17662.2109375,17678.810546875,17678.810546875,7400.0
^N225,2012-08-27,9140.41015625,9150.48046875,9084.8701171875,9085.3896484375,9085.3896484375,79500000.0
000001.SS,2012-08-27,2085.373046875,2085.373046875,2055.3759765625,2055.7080078125,2055.7080078125,60400.0
^N100,2012-08-27,651.6500244140625,657.5399780273438,650.3499755859375,657.5,657.5,132981400.0
^DJI,2012-08-27,13157.740234375,13176.169921875,13115.4599609375,13124.669921875,13124.669921875,96070000.0
^GSPC,2012-08-27,1411.1300048828125,1416.1700439453125,1409.1099853515625,1410.43994140625,1410.43994140625,2472500000.0
GC=F,2012-08-27,1674.9000244140625,1674.9000244140625,1663.9000244140625,1672.4000244140625,1672.4000244140625,42.0
CL=F,2012-08-27,96.66999816894533,97.72000122070312,94.41000366210938,95.47000122070312,95.47000122070312,230844.0
^NYA,2012-08-28,8026.169921875,8058.7998046875,8014.6201171875,8033.85009765625,8033.85009765625,2629090000.0
^IXIC,2012-08-28,3069.39990234375,3083.18994140625,3063.64990234375,3077.139892578125,3077.139892578125,1364740000.0
^FTSE,2012-08-28,5776.60009765625,5779.5,5749.7998046875,5775.7001953125,5775.7001953125,524544700.0
^BSESN,2012-08-28,17676.130859375,17712.349609375,17570.7109375,17631.7109375,17631.7109375,9600.0
^N225,2012-08-28,9138.509765625,9140.6201171875,8988.990234375,9033.2900390625,9033.2900390625,124000000.0
000001.SS,2012-08-28,2054.967041015625,2083.9560546875,2052.491943359375,2073.154052734375,2073.154052734375,54400.0
^N100,2012-08-28,654.3499755859375,656.4099731445312,651.530029296875,653.5700073242188,653.5700073242188,153950200.0
^DJI,2012-08-28,13122.740234375,13147.3203125,13081.1201171875,13102.990234375,13102.990234375,81630000.0
^GSPC,2012-08-28,1410.43994140625,1413.6300048828125,1405.5899658203125,1409.300048828125,1409.300048828125,2629090000.0
GC=F,2012-08-28,1659.9000244140625,1671.0,1659.199951171875,1666.5,1666.5,51.0
CL=F,2012-08-28,95.66000366210938,96.54000091552734,95.13999938964844,96.33000183105467,96.33000183105467,198458.0
^NYA,2012-08-29,8034.97998046875,8048.2099609375,8012.14990234375,8031.64990234375,8031.64990234375,2571220000.0
^IXIC,2012-08-29,3078.050048828125,3087.239990234375,3067.6201171875,3081.18994140625,3081.18994140625,1282900000.0
^FTSE,2012-08-29,5775.7001953125,5775.7998046875,5739.2001953125,5743.5,5743.5,523480600.0
^NSEI,2012-08-29,5343.85009765625,5345.5,5282.7001953125,5287.7998046875,5287.7998046875,0.0
^BSESN,2012-08-29,17651.140625,17653.900390625,17471.130859375,17490.810546875,17490.810546875,9600.0
^N225,2012-08-29,9045.73046875,9073.990234375,9033.830078125,9069.8095703125,9069.8095703125,107500000.0
000001.SS,2012-08-29,2066.820068359375,2073.948974609375,2051.77392578125,2053.235107421875,2053.235107421875,52200.0
^N100,2012-08-29,652.9299926757812,653.5900268554688,649.469970703125,651.780029296875,651.780029296875,163883000.0
^DJI,2012-08-29,13103.4599609375,13144.8095703125,13081.26953125,13107.48046875,13107.48046875,91530000.0
^GSPC,2012-08-29,1409.3199462890625,1413.949951171875,1406.5699462890625,1410.489990234375,1410.489990234375,2571220000.0
GC=F,2012-08-29,1667.199951171875,1667.300048828125,1659.800048828125,1659.800048828125,1659.800048828125,403.0
CL=F,2012-08-29,96.08000183105467,96.37000274658205,94.76000213623048,95.48999786376952,95.48999786376952,185887.0
^NYA,2012-08-30,8003.52001953125,8003.52001953125,7949.66015625,7966.22998046875,7966.22998046875,2530280000.0
^IXIC,2012-08-30,3066.72998046875,3067.5400390625,3045.919921875,3048.7099609375,3048.7099609375,1216640000.0
^FTSE,2012-08-30,5743.5,5743.5,5705.7001953125,5719.5,5719.5,479116800.0
^NSEI,2012-08-30,5268.60009765625,5342.7998046875,5255.0498046875,5315.0498046875,5315.0498046875,0.0
^BSESN,2012-08-30,17433.5,17605.509765625,17367.55078125,17541.640625,17541.640625,10000.0
^N225,2012-08-30,9062.0703125,9062.0703125,8960.240234375,8983.7802734375,8983.7802734375,98300000.0
000001.SS,2012-08-30,2044.032958984375,2060.18505859375,2032.5369873046875,2052.5849609375,2052.5849609375,62000.0
^N100,2012-08-30,650.0700073242188,651.3599853515625,644.72998046875,645.8900146484375,645.8900146484375,221418600.0
^DJI,2012-08-30,13101.2900390625,13101.3701171875,12978.91015625,13000.7099609375,13000.7099609375,89980000.0
^GSPC,2012-08-30,1410.0799560546875,1410.0799560546875,1397.010009765625,1399.47998046875,1399.47998046875,2530280000.0
GC=F,2012-08-30,1655.4000244140625,1662.0,1650.699951171875,1653.5,1653.5,418.0
CL=F,2012-08-30,95.3000030517578,95.5999984741211,93.9499969482422,94.62000274658205,94.62000274658205,192455.0
^NYA,2012-08-31,8012.990234375,8047.9599609375,7970.75,8014.93017578125,8014.93017578125,2938250000.0
^IXIC,2012-08-31,3069.639892578125,3078.52001953125,3040.590087890625,3066.9599609375,3066.9599609375,1394760000.0
^FTSE,2012-08-31,5719.5,5763.7998046875,5708.0,5711.5,5711.5,851664900.0
^NSEI,2012-08-31,5298.2001953125,5303.25,5238.89990234375,5258.5,5258.5,0.0
^BSESN,2012-08-31,17557.619140625,17557.619140625,17337.609375,17380.75,17380.75,10600.0
^N225,2012-08-31,8891.75,8933.990234375,8839.91015625,8839.91015625,8839.91015625,122800000.0
000001.SS,2012-08-31,2046.2889404296875,2059.302001953125,2044.6500244140625,2047.52197265625,2047.52197265625,46200.0
^N100,2012-08-31,645.989990234375,653.97998046875,644.8900146484375,650.6099853515625,650.6099853515625,269421800.0
^DJI,2012-08-31,13002.7197265625,13151.8701171875,13002.6396484375,13090.83984375,13090.83984375,119780000.0
^GSPC,2012-08-31,1400.0699462890625,1413.0899658203125,1398.9599609375,1406.5799560546875,1406.5799560546875,2938250000.0
GC=F,2012-08-31,1658.5999755859375,1690.0,1646.199951171875,1684.5999755859375,1684.5999755859375,58.0
CL=F,2012-08-31,94.75,96.91999816894533,94.51000213623048,96.47000122070312,96.47000122070312,249063.0
^FTSE,2012-09-03,5711.5,5758.39990234375,5701.10009765625,5758.39990234375,5758.39990234375,394561500.0
^NSEI,2012-09-03,5276.5,5295.7998046875,5243.14990234375,5253.75,5253.75,0.0
^BSESN,2012-09-03,17465.599609375,17509.990234375,17349.5703125,17384.400390625,17384.400390625,12600.0
^N225,2012-09-03,8836.6103515625,8893.3896484375,8773.400390625,8783.8896484375,8783.8896484375,123400000.0
000001.SS,2012-09-03,2044.823974609375,2066.780029296875,2041.1610107421875,2059.14697265625,2059.14697265625,60600.0
^N100,2012-09-03,649.2899780273438,658.3099975585938,648.2100219726562,658.3099975585938,658.3099975585938,135414400.0
^NYA,2012-09-04,8012.8701171875,8024.0498046875,7960.8701171875,8002.31005859375,8002.31005859375,3200310000.0
^IXIC,2012-09-04,3063.25,3082.260009765625,3040.239990234375,3075.06005859375,3075.06005859375,1505960000.0
^FTSE,2012-09-04,5758.39990234375,5758.39990234375,5658.2998046875,5672.0,5672.0,628708300.0
^NSEI,2012-09-04,5249.14990234375,5278.35009765625,5233.2001953125,5274.0,5274.0,0.0
^BSESN,2012-09-04,17378.6796875,17452.69921875,17308.26953125,17440.869140625,17440.869140625,6600.0
^N225,2012-09-04,8787.9697265625,8804.4404296875,8729.2197265625,8775.509765625,8775.509765625,110800000.0
000001.SS,2012-09-04,2060.613037109375,2063.81689453125,2039.2659912109373,2043.6490478515625,2043.6490478515625,57400.0
^N100,2012-09-04,658.8300170898438,658.8300170898438,649.8699951171875,650.239990234375,650.239990234375,167940600.0
^DJI,2012-09-04,13092.150390625,13092.3896484375,12977.08984375,13035.9404296875,13035.9404296875,103920000.0
^GSPC,2012-09-04,1406.5400390625,1409.31005859375,1396.56005859375,1404.93994140625,1404.93994140625,3200310000.0
GC=F,2012-09-04,1689.0999755859375,1698.0,1687.699951171875,1692.9000244140625,1692.9000244140625,43.0
CL=F,2012-09-04,96.37999725341795,97.37000274658205,94.97000122070312,95.3000030517578,95.3000030517578,256147.0
^NYA,2012-09-05,8001.06005859375,8016.47021484375,7975.5498046875,7992.009765625,7992.009765625,3389110000.0
^IXIC,2012-09-05,3072.580078125,3082.75,3062.5400390625,3069.27001953125,3069.27001953125,1495030000.0
^FTSE,2012-09-05,5672.0,5675.89990234375,5634.89990234375,5657.89990234375,5657.89990234375,737252900.0
^NSEI,2012-09-05,5243.89990234375,5259.5,5215.7001953125,5225.7001953125,5225.7001953125,0.0
^BSESN,2012-09-05,17359.9609375,17411.669921875,17250.80078125,17313.33984375,17313.33984375,11400.0
^N225,2012-09-05,8756.58984375,8759.259765625,8679.8203125,8679.8203125,8679.8203125,111700000.0
000001.SS,2012-09-05,2038.873046875,2048.319091796875,2029.052978515625,2037.6810302734373,2037.6810302734373,57600.0
^N100,2012-09-05,649.7899780273438,655.0,646.7000122070312,651.0800170898438,651.0800170898438,245576400.0
^DJI,2012-09-05,13036.08984375,13095.91015625,13018.740234375,13047.48046875,13047.48046875,92550000.0
^GSPC,2012-09-05,1404.93994140625,1408.81005859375,1401.25,1403.43994140625,1403.43994140625,3389110000.0
GC=F,2012-09-05,1690.4000244140625,1693.300048828125,1690.4000244140625,1690.800048828125,1690.800048828125,82.0
CL=F,2012-09-05,95.61000061035156,96.02999877929688,94.26000213623048,95.36000061035156,95.36000061035156,233044.0
^NYA,2012-09-06,8038.02978515625,8160.56005859375,8038.02978515625,8160.56005859375,8160.56005859375,3952870000.0
^IXIC,2012-09-06,3087.93994140625,3135.81005859375,3087.669921875,3135.81005859375,3135.81005859375,1918900000.0
^FTSE,2012-09-06,5657.89990234375,5786.0,5657.89990234375,5777.2998046875,5777.2998046875,1097422200.0
^NSEI,2012-09-06,5217.64990234375,5260.60009765625,5217.64990234375,5238.39990234375,5238.39990234375,0.0
^BSESN,2012-09-06,17320.73046875,17418.400390625,17294.740234375,17346.26953125,17346.26953125,10000.0
^N225,2012-09-06,8690.33984375,8697.0,8646.0302734375,8680.5703125,8680.5703125,119100000.0
000001.SS,2012-09-06,2040.66796875,2052.949951171875,2036.365966796875,2051.91796875,2051.91796875,56000.0
^N100,2012-09-06,652.6400146484375,668.2899780273438,652.0499877929688,668.2899780273438,668.2899780273438,347612200.0
^DJI,2012-09-06,13045.23046875,13294.1298828125,13045.080078125,13292.0,13292.0,128650000.0
^GSPC,2012-09-06,1403.739990234375,1432.1199951171875,1403.739990234375,1432.1199951171875,1432.1199951171875,3952870000.0
GC=F,2012-09-06,1696.4000244140625,1712.4000244140625,1696.4000244140625,1702.5999755859375,1702.5999755859375,39.0
CL=F,2012-09-06,96.0,97.70999908447266,94.58999633789062,95.52999877929688,95.52999877929688,327082.0
^NYA,2012-09-07,8191.81005859375,8234.51953125,8191.81005859375,8234.509765625,8234.509765625,3717620000.0
^IXIC,2012-09-07,3133.219970703125,3139.610107421875,3128.169921875,3136.419921875,3136.419921875,1740640000.0
^FTSE,2012-09-07,5777.2998046875,5807.60009765625,5772.89990234375,5794.7998046875,5794.7998046875,1271438400.0
^NSEI,2012-09-07,5309.4501953125,5347.14990234375,5309.2001953125,5342.10009765625,5342.10009765625,0.0
^BSESN,2012-09-07,17575.7890625,17701.19921875,17575.7890625,17683.73046875,17683.73046875,9600.0
^N225,2012-09-07,8821.3701171875,8871.650390625,8804.26953125,8871.650390625,8871.650390625,157100000.0
000001.SS,2012-09-07,2062.989990234375,2145.0029296875,2062.989990234375,2127.761962890625,2127.761962890625,140000.0
^N100,2012-09-07,669.7999877929688,676.02001953125,668.3900146484375,669.030029296875,669.030029296875,405728600.0
^DJI,2012-09-07,13289.5302734375,13320.26953125,13266.2197265625,13306.6396484375,13306.6396484375,142210000.0
^GSPC,2012-09-07,1432.1199951171875,1437.9200439453125,1431.449951171875,1437.9200439453125,1437.9200439453125,3717620000.0
GC=F,2012-09-07,1696.699951171875,1738.199951171875,1696.699951171875,1737.5,1737.5,109.0
CL=F,2012-09-07,94.6999969482422,96.73999786376952,94.08000183105467,96.41999816894533,96.41999816894533,293026.0
^NYA,2012-09-10,8221.7001953125,8242.740234375,8191.9501953125,8192.3896484375,8192.3896484375,3223670000.0
^IXIC,2012-09-10,3131.340087890625,3133.889892578125,3102.760009765625,3104.02001953125,3104.02001953125,1575370000.0
^FTSE,2012-09-10,5794.7998046875,5806.7998046875,5777.10009765625,5793.2001953125,5793.2001953125,672891000.0
^NSEI,2012-09-10,5361.89990234375,5375.4501953125,5349.10009765625,5363.4501953125,5363.4501953125,0.0
^BSESN,2012-09-10,17780.9296875,17810.900390625,17728.119140625,17766.779296875,17766.779296875,8200.0
^N225,2012-09-10,8853.1904296875,8874.5400390625,8838.1796875,8869.3701171875,8869.3701171875,111800000.0
000001.SS,2012-09-10,2128.06494140625,2140.16796875,2120.486083984375,2134.89306640625,2134.89306640625,103600.0
^N100,2012-09-10,667.5,669.5800170898438,664.75,665.3900146484375,665.3900146484375,234822600.0
^DJI,2012-09-10,13308.5595703125,13324.099609375,13251.3896484375,13254.2900390625,13254.2900390625,123810000.0
^GSPC,2012-09-10,1437.9200439453125,1438.739990234375,1428.97998046875,1429.0799560546875,1429.0799560546875,3223670000.0
GC=F,2012-09-10,1733.0999755859375,1733.5,1727.199951171875,1728.699951171875,1728.699951171875,14.0
CL=F,2012-09-10,96.23999786376952,96.62999725341795,95.33999633789062,96.54000091552734,96.54000091552734,221996.0
^NYA,2012-09-11,8209.259765625,8264.2900390625,8209.259765625,8246.1396484375,8246.1396484375,3509630000.0
^IXIC,2012-09-11,3105.02001953125,3117.860107421875,3099.10009765625,3104.530029296875,3104.530029296875,1586250000.0
^FTSE,2012-09-11,5793.2001953125,5796.60009765625,5764.2001953125,5792.2001953125,5792.2001953125,779957800.0
^NSEI,2012-09-11,5336.10009765625,5393.35009765625,5332.10009765625,5390.0,5390.0,0.0
^BSESN,2012-09-11,17711.80078125,17867.849609375,17677.380859375,17852.94921875,17852.94921875,8200.0
^N225,2012-09-11,8811.330078125,8814.0302734375,8769.4697265625,8807.3798828125,8807.3798828125,95400000.0
000001.SS,2012-09-11,2127.51904296875,2127.51904296875,2107.218994140625,2120.553955078125,2120.553955078125,80400.0
^N100,2012-09-11,663.0999755859375,668.5700073242188,660.1599731445312,668.52001953125,668.52001953125,256063000.0
^DJI,2012-09-11,13254.599609375,13354.33984375,13253.2099609375,13323.3603515625,13323.3603515625,104920000.0
^GSPC,2012-09-11,1429.1300048828125,1437.760009765625,1429.1300048828125,1433.56005859375,1433.56005859375,3509630000.0
GC=F,2012-09-11,1736.0,1736.0,1731.800048828125,1731.800048828125,1731.800048828125,2.0
CL=F,2012-09-11,96.29000091552734,97.30999755859376,96.08000183105467,97.16999816894533,97.16999816894533,222006.0
^NYA,2012-09-12,8272.08984375,8286.33984375,8247.23046875,8267.3095703125,8267.3095703125,3641200000.0
^IXIC,2012-09-12,3115.330078125,3120.1201171875,3098.820068359375,3114.31005859375,3114.31005859375,1689140000.0
^FTSE,2012-09-12,5792.2001953125,5821.2001953125,5757.60009765625,5782.10009765625,5782.10009765625,1101683900.0
^NSEI,2012-09-12,5404.4501953125,5435.5498046875,5393.9501953125,5431.0,5431.0,0.0
^BSESN,2012-09-12,17916.130859375,18012.890625,17884.9609375,18000.029296875,18000.029296875,11400.0
^N225,2012-09-12,8827.2099609375,8959.9599609375,8821.7998046875,8959.9599609375,8959.9599609375,116100000.0
000001.SS,2012-09-12,2129.68701171875,2137.889892578125,2109.136962890625,2126.553955078125,2126.553955078125,84200.0
^N100,2012-09-12,670.0,674.5399780273438,666.510009765625,668.780029296875,668.780029296875,340014600.0
^DJI,2012-09-12,13321.6201171875,13373.6201171875,13317.51953125,13333.349609375,13333.349609375,111520000.0
^GSPC,2012-09-12,1433.56005859375,1439.1500244140625,1432.989990234375,1436.56005859375,1436.56005859375,3641200000.0
GC=F,2012-09-12,1742.199951171875,1742.300048828125,1730.5,1730.5999755859375,1730.5999755859375,15.0
CL=F,2012-09-12,96.8499984741211,98.05999755859376,96.30999755859376,97.01000213623048,97.01000213623048,223528.0
^NYA,2012-09-13,8262.900390625,8427.5302734375,8248.5498046875,8407.0302734375,8407.0302734375,4606550000.0
^IXIC,2012-09-13,3117.659912109375,3167.6298828125,3112.6201171875,3155.830078125,3155.830078125,1870050000.0
^FTSE,2012-09-13,5782.10009765625,5826.60009765625,5770.2998046875,5819.89990234375,5819.89990234375,819530100.0
^NSEI,2012-09-13,5435.2001953125,5447.4501953125,5421.85009765625,5435.35009765625,5435.35009765625,0.0
^BSESN,2012-09-13,18023.94921875,18062.6796875,17976.279296875,18021.16015625,18021.16015625,8000.0
^N225,2012-09-13,8950.009765625,9022.2001953125,8932.099609375,8995.150390625,8995.150390625,95000000.0
000001.SS,2012-09-13,2123.840087890625,2130.0791015625,2109.99609375,2110.37890625,2110.37890625,79000.0
^N100,2012-09-13,667.3200073242188,667.780029296875,661.5999755859375,663.4000244140625,663.4000244140625,243460400.0
^DJI,2012-09-13,13329.7099609375,13573.330078125,13325.1103515625,13539.8603515625,13539.8603515625,151770000.0
^GSPC,2012-09-13,1436.56005859375,1463.760009765625,1435.3399658203125,1459.989990234375,1459.989990234375,4606550000.0
GC=F,2012-09-13,1728.699951171875,1769.0999755859375,1728.699951171875,1769.0999755859375,1769.0999755859375,33.0
CL=F,2012-09-13,96.93000030517578,98.58000183105467,96.51000213623048,98.30999755859376,98.30999755859376,291055.0
^NYA,2012-09-14,8442.150390625,8515.599609375,8437.919921875,8458.8701171875,8458.8701171875,5041990000.0
^IXIC,2012-09-14,3166.239990234375,3195.669921875,3164.260009765625,3183.949951171875,3183.949951171875,1984720000.0
^FTSE,2012-09-14,5819.89990234375,5932.60009765625,5819.89990234375,5915.60009765625,5915.60009765625,1506216700.0
^NSEI,2012-09-14,5528.35009765625,5586.64990234375,5526.9501953125,5577.64990234375,5577.64990234375,0.0
^BSESN,2012-09-14,18284.75,18498.5390625,18284.75,18464.26953125,18464.26953125,16800.0
^N225,2012-09-14,9097.919921875,9193.26953125,9081.7998046875,9159.3896484375,9159.3896484375,198000000.0
000001.SS,2012-09-14,2127.388916015625,2136.22607421875,2111.1201171875,2123.846923828125,2123.846923828125,91200.0
^N100,2012-09-14,674.5800170898438,675.4199829101562,671.3400268554688,674.1099853515625,674.1099853515625,382104600.0
^DJI,2012-09-14,13540.400390625,13653.240234375,13533.9404296875,13593.3701171875,13593.3701171875,185160000.0
^GSPC,2012-09-14,1460.0699462890625,1474.510009765625,1460.0699462890625,1465.77001953125,1465.77001953125,5041990000.0
GC=F,2012-09-14,1771.0,1774.5,1766.0,1769.800048828125,1769.800048828125,25.0
CL=F,2012-09-14,98.04000091552734,100.41999816894533,97.98999786376952,99.0,99.0,271794.0
^NYA,2012-09-17,8442.490234375,8455.5703125,8393.2197265625,8408.9599609375,8408.9599609375,3482430000.0
^IXIC,2012-09-17,3183.39990234375,3183.39990234375,3168.6298828125,3178.669921875,3178.669921875,1485390000.0
^FTSE,2012-09-17,5915.60009765625,5915.7001953125,5883.2001953125,5893.5,5893.5,691683900.0
^NSEI,2012-09-17,5631.75,5652.2001953125,5585.14990234375,5610.0,5610.0,0.0
^BSESN,2012-09-17,18619.900390625,18715.029296875,18480.5390625,18542.310546875,18542.310546875,20200.0
000001.SS,2012-09-17,2120.616943359375,2121.5830078125,2077.48388671875,2078.5,2078.5,76400.0
^N100,2012-09-17,670.5,673.0,670.0599975585938,670.7100219726562,670.7100219726562,232016600.0
^DJI,2012-09-17,13588.5703125,13593.150390625,13526.669921875,13553.099609375,13553.099609375,128020000.0
^GSPC,2012-09-17,1465.4200439453125,1465.6300048828125,1457.550048828125,1461.18994140625,1461.18994140625,3482430000.0
GC=F,2012-09-17,1774.800048828125,1774.800048828125,1753.800048828125,1767.699951171875,1767.699951171875,54.0
CL=F,2012-09-17,99.1500015258789,99.5199966430664,94.6500015258789,96.62000274658205,96.62000274658205,308274.0
^NYA,2012-09-18,8388.5498046875,8404.830078125,8369.259765625,8387.4296875,8387.4296875,3377390000.0
^IXIC,2012-09-18,3173.6201171875,3179.3701171875,3169.409912109375,3177.800048828125,3177.800048828125,1707200000.0
^FTSE,2012-09-18,5893.5,5893.5,5837.5,5868.2001953125,5868.2001953125,802597700.0
^NSEI,2012-09-18,5602.39990234375,5620.5498046875,5586.4501953125,5600.0498046875,5600.0498046875,0.0
^BSESN,2012-09-18,18514.720703125,18580.48046875,18469.509765625,18496.009765625,18496.009765625,9600.0
^N225,2012-09-18,9155.490234375,9180.4404296875,9120.6103515625,9123.76953125,9123.76953125,137600000.0
000001.SS,2012-09-18,2069.343017578125,2074.761962890625,2053.662109375,2059.54296875,2059.54296875,53800.0
^N100,2012-09-18,667.219970703125,668.75,663.0999755859375,665.4400024414062,665.4400024414062,277717200.0
^DJI,2012-09-18,13552.330078125,13582.1201171875,13517.8095703125,13564.6396484375,13564.6396484375,120720000.0
^GSPC,2012-09-18,1461.18994140625,1461.469970703125,1456.1300048828125,1459.3199462890625,1459.3199462890625,3377390000.0
GC=F,2012-09-18,1766.300048828125,1768.4000244140625,1766.300048828125,1768.4000244140625,1768.4000244140625,13.0
CL=F,2012-09-18,96.70999908447266,97.2300033569336,95.11000061035156,95.29000091552734,95.29000091552734,196211.0
^NYA,2012-09-19,8397.7900390625,8424.1396484375,8379.169921875,8400.48046875,8400.48046875,3451360000.0
^IXIC,2012-09-19,3179.0400390625,3189.35009765625,3170.2900390625,3182.6201171875,3182.6201171875,1850920000.0
^FTSE,2012-09-19,5868.2001953125,5894.39990234375,5861.0,5888.5,5888.5,704137700.0
^N225,2012-09-19,9166.51953125,9288.5302734375,9140.75,9232.2099609375,9232.2099609375,157200000.0
000001.SS,2012-09-19,2061.06103515625,2069.949951171875,2055.197998046875,2067.8310546875,2067.8310546875,52200.0
^N100,2012-09-19,668.25,670.0800170898438,664.8699951171875,668.5499877929688,668.5499877929688,259397800.0
^DJI,2012-09-19,13565.41015625,13626.48046875,13556.740234375,13577.9599609375,13577.9599609375,116210000.0
^GSPC,2012-09-19,1459.5,1465.1500244140625,1457.8800048828125,1461.050048828125,1461.050048828125,3451360000.0
GC=F,2012-09-19,1776.0,1778.5,1768.0,1769.0,1769.0,27.0
CL=F,2012-09-19,95.48999786376952,96.16999816894533,91.25,91.9800033569336,91.9800033569336,133035.0
^NYA,2012-09-20,8345.330078125,8379.2802734375,8313.0595703125,8372.91015625,8372.91015625,3382520000.0
^IXIC,2012-09-20,3166.840087890625,3178.449951171875,3156.4599609375,3175.9599609375,3175.9599609375,1809130000.0
^FTSE,2012-09-20,5888.5,5888.5,5824.39990234375,5854.60009765625,5854.60009765625,656511300.0
^NSEI,2012-09-20,5536.9501953125,5581.35009765625,5534.89990234375,5554.25,5554.25,0.0
^BSESN,2012-09-20,18292.220703125,18443.919921875,18291.9296875,18349.25,18349.25,8800.0
^N225,2012-09-20,9174.1904296875,9215.5703125,9079.1904296875,9086.98046875,9086.98046875,144600000.0
000001.SS,2012-09-20,2060.305908203125,2060.305908203125,2023.0849609375,2024.8370361328125,2024.8370361328125,67400.0
^N100,2012-09-20,663.7999877929688,666.8699951171875,662.0499877929688,665.8699951171875,665.8699951171875,236044200.0
^DJI,2012-09-20,13575.169921875,13599.01953125,13503.0,13596.9296875,13596.9296875,117910000.0
^GSPC,2012-09-20,1461.050048828125,1461.22998046875,1449.97998046875,1460.260009765625,1460.260009765625,3382520000.0
GC=F,2012-09-20,1769.0999755859375,1771.300048828125,1760.5999755859375,1767.699951171875,1767.699951171875,17.0
CL=F,2012-09-20,91.7699966430664,92.37000274658205,90.66000366210938,91.87000274658205,91.87000274658205,244553.0
^NYA,2012-09-21,8411.580078125,8421.1904296875,8375.6796875,8377.509765625,8377.509765625,4833870000.0
^IXIC,2012-09-21,3194.860107421875,3196.929931640625,3178.090087890625,3179.9599609375,3179.9599609375,2526250000.0
^FTSE,2012-09-21,5854.60009765625,5887.60009765625,5838.89990234375,5852.60009765625,5852.60009765625,1202461200.0
^NSEI,2012-09-21,5577.0,5720.0,5575.4501953125,5691.14990234375,5691.14990234375,0.0
^BSESN,2012-09-21,18411.19921875,18866.869140625,18411.19921875,18752.830078125,18752.830078125,15000.0
^N225,2012-09-21,9113.2998046875,9159.330078125,9103.9501953125,9110.0,9110.0,121700000.0
000001.SS,2012-09-21,2020.553955078125,2041.947998046875,2018.262939453125,2026.68994140625,2026.68994140625,60200.0
^N100,2012-09-21,668.8499755859375,670.6599731445312,665.3099975585938,668.8200073242188,668.8200073242188,388338000.0
^DJI,2012-09-21,13597.240234375,13647.099609375,13571.5302734375,13579.4697265625,13579.4697265625,429610000.0
^GSPC,2012-09-21,1460.3399658203125,1467.0699462890625,1459.510009765625,1460.1500244140625,1460.1500244140625,4833870000.0
GC=F,2012-09-21,1785.300048828125,1785.300048828125,1772.300048828125,1775.5,1775.5,10.0
CL=F,2012-09-21,92.93000030517578,93.83999633789062,92.58999633789062,92.88999938964844,92.88999938964844,181036.0
^NYA,2012-09-24,8341.8798828125,8378.9404296875,8331.490234375,8356.5595703125,8356.5595703125,3008920000.0
^IXIC,2012-09-24,3155.35009765625,3167.739990234375,3150.7099609375,3160.780029296875,3160.780029296875,1704860000.0
^FTSE,2012-09-24,5852.60009765625,5852.60009765625,5806.10009765625,5838.7998046875,5838.7998046875,736974100.0
^NSEI,2012-09-24,5691.9501953125,5709.85009765625,5662.75,5669.60009765625,5669.60009765625,0.0
^BSESN,2012-09-24,18756.310546875,18811.130859375,18650.4296875,18673.33984375,18673.33984375,15000.0
^N225,2012-09-24,9071.3203125,9091.9697265625,9031.1298828125,9069.2900390625,9069.2900390625,105900000.0
000001.SS,2012-09-24,2015.7669677734373,2040.8499755859373,2005.262939453125,2033.1920166015625,2033.1920166015625,57600.0
^N100,2012-09-24,664.9099731445312,666.72998046875,661.8499755859375,663.8499755859375,663.8499755859375,192945400.0
^DJI,2012-09-24,13577.849609375,13601.900390625,13521.6796875,13558.919921875,13558.919921875,120370000.0
^GSPC,2012-09-24,1459.760009765625,1460.719970703125,1452.06005859375,1456.8900146484375,1456.8900146484375,3008920000.0
GC=F,2012-09-24,1762.0999755859375,1762.0999755859375,1762.0999755859375,1762.0999755859375,1762.0999755859375,4.0
CL=F,2012-09-24,93.18000030517578,93.18000030517578,91.05999755859376,91.93000030517578,91.93000030517578,188315.0
^NYA,2012-09-25,8376.7099609375,8396.3203125,8274.76953125,8274.7802734375,8274.7802734375,3739900000.0
^IXIC,2012-09-25,3170.3701171875,3176.300048828125,3117.72998046875,3117.72998046875,3117.72998046875,1975470000.0
^FTSE,2012-09-25,5838.7998046875,5869.2001953125,5828.2998046875,5859.7001953125,5859.7001953125,737347700.0
^NSEI,2012-09-25,5674.89990234375,5702.7001953125,5652.4501953125,5673.89990234375,5673.89990234375,0.0
^BSESN,2012-09-25,18708.009765625,18790.009765625,18636.16015625,18694.41015625,18694.41015625,10600.0
^N225,2012-09-25,9031.3701171875,9112.5400390625,9023.6298828125,9091.5400390625,9091.5400390625,128400000.0
000001.SS,2012-09-25,2028.6319580078125,2039.095947265625,2021.8089599609373,2029.29296875,2029.29296875,48200.0
^N100,2012-09-25,662.6400146484375,668.0599975585938,661.2000122070312,667.0900268554688,667.0900268554688,208267600.0
^DJI,2012-09-25,13559.919921875,13620.2099609375,13457.25,13457.5498046875,13457.5498046875,138630000.0
^GSPC,2012-09-25,1456.93994140625,1463.239990234375,1441.5899658203125,1441.5899658203125,1441.5899658203125,3739900000.0
GC=F,2012-09-25,1772.5999755859375,1772.699951171875,1763.800048828125,1763.800048828125,1763.800048828125,5.0
CL=F,2012-09-25,92.11000061035156,93.1999969482422,90.56999969482422,91.37000274658205,91.37000274658205,239024.0
^NYA,2012-09-26,8252.919921875,8254.4599609375,8201.23046875,8221.3203125,8221.3203125,3565380000.0
^IXIC,2012-09-26,3113.39990234375,3114.5400390625,3080.280029296875,3093.699951171875,3093.699951171875,1738010000.0
^FTSE,2012-09-26,5859.7001953125,5859.7001953125,5751.39990234375,5768.10009765625,5768.10009765625,685626300.0
^NSEI,2012-09-26,5653.39990234375,5672.7998046875,5638.64990234375,5663.4501953125,5663.4501953125,0.0
^BSESN,2012-09-26,18644.5390625,18670.48046875,18573.1796875,18632.169921875,18632.169921875,10400.0
^N225,2012-09-26,8941.75,8971.75,8894.01953125,8906.7001953125,8906.7001953125,109300000.0
000001.SS,2012-09-26,2027.85498046875,2033.0360107421875,1999.4840087890625,2004.1719970703125,2004.1719970703125,50400.0
^N100,2012-09-26,660.2999877929688,660.2999877929688,652.1199951171875,652.22998046875,652.22998046875,283359400.0
^DJI,2012-09-26,13458.6298828125,13480.3701171875,13406.91015625,13413.509765625,13413.509765625,124350000.0
^GSPC,2012-09-26,1441.5999755859375,1441.5999755859375,1430.530029296875,1433.3199462890625,1433.3199462890625,3565380000.0
GC=F,2012-09-26,1762.800048828125,1764.199951171875,1743.0,1750.5999755859375,1750.5999755859375,15237.0
CL=F,2012-09-26,90.81999969482422,91.33999633789062,88.94999694824219,89.9800033569336,89.9800033569336,272057.0
^NYA,2012-09-27,8249.98046875,8317.3095703125,8241.4404296875,8303.740234375,8303.740234375,3150330000.0
^IXIC,2012-09-27,3105.8701171875,3142.02001953125,3098.4599609375,3136.60009765625,3136.60009765625,1691800000.0
^FTSE,2012-09-27,5768.10009765625,5804.10009765625,5763.0,5779.39990234375,5779.39990234375,545045200.0
^NSEI,2012-09-27,5673.75,5693.7001953125,5639.7001953125,5649.5,5649.5,0.0
^BSESN,2012-09-27,18659.75,18735.94921875,18552.6796875,18579.5,18579.5,10400.0
^N225,2012-09-27,8856.3095703125,8959.25,8844.0595703125,8949.8701171875,8949.8701171875,124700000.0
000001.SS,2012-09-27,2003.0989990234373,2068.071044921875,2002.323974609375,2056.322998046875,2056.322998046875,76600.0
^N100,2012-09-27,655.719970703125,656.22998046875,652.1500244140625,654.4099731445312,654.4099731445312,208179600.0
^DJI,2012-09-27,13413.4697265625,13522.830078125,13413.4697265625,13485.9697265625,13485.9697265625,113990000.0
^GSPC,2012-09-27,1433.3599853515625,1450.199951171875,1433.3599853515625,1447.1500244140625,1447.1500244140625,3150330000.0
GC=F,2012-09-27,1752.5999755859375,1780.199951171875,1750.699951171875,1777.5999755859375,1777.5999755859375,6989.0
CL=F,2012-09-27,90.08000183105467,92.38999938964844,89.87999725341797,91.8499984741211,91.8499984741211,237289.0
^NYA,2012-09-28,8303.6904296875,8303.6904296875,8218.5400390625,8251.0,8251.0,3509230000.0
^IXIC,2012-09-28,3125.31005859375,3132.510009765625,3109.909912109375,3116.22998046875,3116.22998046875,1864640000.0
^FTSE,2012-09-28,5779.39990234375,5807.7998046875,5740.5,5742.10009765625,5742.10009765625,745469400.0
^NSEI,2012-09-28,5684.7998046875,5735.14990234375,5683.4501953125,5703.2998046875,5703.2998046875,0.0
^BSESN,2012-09-28,18704.98046875,18869.939453125,18698.509765625,18762.740234375,18762.740234375,11400.0
^N225,2012-09-28,8986.6298828125,8989.080078125,8838.849609375,8870.16015625,8870.16015625,135600000.0
000001.SS,2012-09-28,2042.885986328125,2089.633056640625,2040.3499755859373,2086.1689453125,2086.1689453125,79400.0
^N100,2012-09-28,657.1500244140625,657.7000122070312,642.3800048828125,642.3800048828125,642.3800048828125,277618000.0
^DJI,2012-09-28,13485.8896484375,13487.66015625,13367.26953125,13437.1298828125,13437.1298828125,146950000.0
^GSPC,2012-09-28,1447.1300048828125,1447.1300048828125,1435.5999755859375,1440.6700439453125,1440.6700439453125,3509230000.0
GC=F,2012-09-28,1776.800048828125,1782.199951171875,1767.5,1771.0999755859375,1771.0999755859375,2839.0
CL=F,2012-09-28,92.3499984741211,92.70999908447266,91.4000015258789,92.19000244140624,92.19000244140624,210195.0
^NYA,2012-10-01,8276.08984375,8352.400390625,8266.6796875,8284.3603515625,8284.3603515625,3505080000.0
^IXIC,2012-10-01,3130.31005859375,3146.989990234375,3103.889892578125,3113.530029296875,3113.530029296875,1758170000.0
^FTSE,2012-10-01,5742.10009765625,5843.5,5738.60009765625,5820.5,5820.5,690293800.0
^NSEI,2012-10-01,5704.75,5722.9501953125,5694.0,5718.7998046875,5718.7998046875,0.0
^BSESN,2012-10-01,18784.640625,18838.5390625,18745.279296875,18823.91015625,18823.91015625,8200.0
^N225,2012-10-01,8815.0703125,8829.349609375,8759.0703125,8796.509765625,8796.509765625,99100000.0
^N100,2012-10-01,641.469970703125,654.530029296875,641.469970703125,653.9600219726562,653.9600219726562,258945200.0
^DJI,2012-10-01,13437.66015625,13598.25,13437.66015625,13515.1103515625,13515.1103515625,106120000.0
^GSPC,2012-10-01,1440.9000244140625,1457.1400146484375,1440.9000244140625,1444.489990234375,1444.489990234375,3505080000.0
GC=F,2012-10-01,1766.0,1791.0,1763.300048828125,1780.5,1780.5,816.0
CL=F,2012-10-01,92.1500015258789,93.33000183105467,91.26000213623048,92.4800033569336,92.4800033569336,216005.0
^NYA,2012-10-02,8284.26953125,8332.2099609375,8265.240234375,8295.1103515625,8295.1103515625,3321790000.0
^IXIC,2012-10-02,3127.72998046875,3131.639892578125,3101.639892578125,3120.0400390625,3120.0400390625,1609570000.0
^FTSE,2012-10-02,5820.5,5840.39990234375,5781.39990234375,5809.5,5809.5,704898700.0
^N225,2012-10-02,8826.3603515625,8843.330078125,8774.75,8786.0498046875,8786.0498046875,98200000.0
^N100,2012-10-02,649.510009765625,658.1199951171875,648.5999755859375,653.0599975585938,653.0599975585938,223906600.0
^DJI,2012-10-02,13515.2998046875,13567.0595703125,13424.919921875,13482.3603515625,13482.3603515625,90730000.0
^GSPC,2012-10-02,1444.989990234375,1451.52001953125,1439.010009765625,1445.75,1445.75,3321790000.0
GC=F,2012-10-02,1777.9000244140625,1779.300048828125,1772.699951171875,1772.699951171875,1772.699951171875,94.0
CL=F,2012-10-02,92.41000366210938,92.94000244140624,91.62000274658205,91.88999938964844,91.88999938964844,177728.0
^NYA,2012-10-03,8300.33984375,8320.6103515625,8261.099609375,8297.5,8297.5,3531640000.0
^IXIC,2012-10-03,3130.85009765625,3142.360107421875,3115.0400390625,3135.22998046875,3135.22998046875,1704050000.0
^FTSE,2012-10-03,5809.5,5832.5,5785.0,5825.7998046875,5825.7998046875,606196800.0
^NSEI,2012-10-03,5727.7001953125,5743.25,5715.7998046875,5731.25,5731.25,0.0
^BSESN,2012-10-03,18841.490234375,18905.619140625,18816.5703125,18869.689453125,18869.689453125,8400.0
^N225,2012-10-03,8778.259765625,8806.75,8729.5595703125,8746.8701171875,8746.8701171875,103500000.0
^N100,2012-10-03,650.5900268554688,653.9400024414062,649.0700073242188,652.4600219726562,652.4600219726562,196263600.0
^DJI,2012-10-03,13479.2099609375,13536.26953125,13439.1201171875,13494.6103515625,13494.6103515625,103890000.0
^GSPC,2012-10-03,1446.050048828125,1454.300048828125,1441.989990234375,1450.989990234375,1450.989990234375,3531640000.0
GC=F,2012-10-03,1772.199951171875,1779.9000244140625,1771.9000244140625,1777.300048828125,1777.300048828125,134.0
CL=F,2012-10-03,91.63999938964844,91.81999969482422,87.69999694824219,88.13999938964844,88.13999938964844,339506.0
^NYA,2012-10-04,8328.01953125,8380.0302734375,8328.01953125,8376.330078125,8376.330078125,3615860000.0
^IXIC,2012-10-04,3142.3798828125,3153.47998046875,3132.56005859375,3149.4599609375,3149.4599609375,1585190000.0
^FTSE,2012-10-04,5825.7998046875,5854.2001953125,5803.2001953125,5827.7998046875,5827.7998046875,817156300.0
^NSEI,2012-10-04,5751.5498046875,5807.25,5751.35009765625,5787.60009765625,5787.60009765625,0.0
^BSESN,2012-10-04,18939.75,19107.0390625,18939.75,19058.150390625,19058.150390625,11600.0
^N225,2012-10-04,8783.1298828125,8865.919921875,8738.3095703125,8824.58984375,8824.58984375,123500000.0
^N100,2012-10-04,655.1199951171875,656.8599853515625,649.489990234375,651.780029296875,651.780029296875,209755200.0
^DJI,2012-10-04,13495.1796875,13594.330078125,13495.1796875,13575.3603515625,13575.3603515625,106390000.0
^GSPC,2012-10-04,1451.0799560546875,1463.1400146484375,1451.0799560546875,1461.4000244140625,1461.4000244140625,3615860000.0
GC=F,2012-10-04,1783.5,1794.800048828125,1783.5,1794.0999755859375,1794.0999755859375,199.0
CL=F,2012-10-04,88.01000213623047,91.83999633789062,87.91000366210938,91.70999908447266,91.70999908447266,291389.0
^NYA,2012-10-05,8410.7001953125,8442.830078125,8361.830078125,8384.0703125,8384.0703125,3172940000.0
^IXIC,2012-10-05,3161.2099609375,3171.4599609375,3130.760009765625,3136.18994140625,3136.18994140625,1607940000.0
^FTSE,2012-10-05,5827.7998046875,5885.60009765625,5827.60009765625,5871.0,5871.0,883077400.0
^NSEI,2012-10-05,5815.0,5815.35009765625,4888.2001953125,5746.9501953125,5746.9501953125,0.0
^BSESN,2012-10-05,19115.890625,19137.2890625,18757.33984375,18938.4609375,18938.4609375,39400.0
^N225,2012-10-05,8850.2900390625,8880.23046875,8805.7900390625,8863.2998046875,8863.2998046875,112100000.0
^N100,2012-10-05,653.9600219726562,662.0499877929688,653.1500244140625,661.3699951171875,661.3699951171875,242535600.0
^DJI,2012-10-05,13569.1796875,13661.8701171875,13568.75,13610.150390625,13610.150390625,115500000.0
^GSPC,2012-10-05,1461.4000244140625,1470.9599609375,1456.8900146484375,1460.9300537109375,1460.9300537109375,3172940000.0
GC=F,2012-10-05,1792.199951171875,1792.199951171875,1776.5999755859375,1778.5999755859375,1778.5999755859375,257.0
CL=F,2012-10-05,91.51000213623048,91.70999908447266,89.01000213623047,89.87999725341797,89.87999725341797,279131.0
^NYA,2012-10-08,8347.98046875,8368.7197265625,8337.3896484375,8359.1103515625,8359.1103515625,2328720000.0
^IXIC,2012-10-08,3121.330078125,3125.489990234375,3107.570068359375,3112.35009765625,3112.35009765625,1186260000.0
^FTSE,2012-10-08,5871.0,5871.0,5818.7998046875,5841.7001953125,5841.7001953125,492224100.0
^NSEI,2012-10-08,5751.85009765625,5751.85009765625,5666.2001953125,5676.0,5676.0,0.0
^BSESN,2012-10-08,18969.189453125,18969.189453125,18684.400390625,18708.98046875,18708.98046875,9400.0
000001.SS,2012-10-08,2084.84912109375,2096.259033203125,2063.089111328125,2074.4189453125,2074.4189453125,55200.0
^N100,2012-10-08,656.8499755859375,656.8599853515625,653.030029296875,653.8400268554688,653.8400268554688,190577600.0
^DJI,2012-10-08,13589.259765625,13610.3798828125,13552.08984375,13583.650390625,13583.650390625,71300000.0
^GSPC,2012-10-08,1460.9300537109375,1460.9300537109375,1453.0999755859375,1455.8800048828125,1455.8800048828125,2328720000.0
GC=F,2012-10-08,1778.0,1778.0,1766.800048828125,1773.5,1773.5,33.0
CL=F,2012-10-08,89.8499984741211,89.88999938964844,88.20999908447266,89.33000183105469,89.33000183105469,202688.0
^NYA,2012-10-09,8347.7001953125,8361.8603515625,8278.1103515625,8279.1103515625,8279.1103515625,3216320000.0
^IXIC,2012-10-09,3108.010009765625,3108.010009765625,3062.52001953125,3065.02001953125,3065.02001953125,1645740000.0
^FTSE,2012-10-09,5841.7001953125,5856.39990234375,5795.2001953125,5810.2998046875,5810.2998046875,574468400.0
^NSEI,2012-10-09,5708.14990234375,5728.64990234375,5677.89990234375,5704.60009765625,5704.60009765625,0.0
^BSESN,2012-10-09,18796.25,18885.83984375,18722.05078125,18793.359375,18793.359375,8200.0
^N225,2012-10-09,8822.3896484375,8840.6904296875,8765.5498046875,8769.58984375,8769.58984375,124400000.0
000001.SS,2012-10-09,2081.587890625,2119.3359375,2081.587890625,2115.22900390625,2115.22900390625,84600.0
^N100,2012-10-09,656.030029296875,656.3099975585938,648.4199829101562,649.3200073242188,649.3200073242188,255383600.0
^DJI,2012-10-09,13582.8798828125,13592.330078125,13473.3095703125,13473.5302734375,13473.5302734375,103630000.0
^GSPC,2012-10-09,1455.9000244140625,1455.9000244140625,1441.1800537109375,1441.47998046875,1441.47998046875,3216320000.0
GC=F,2012-10-09,1776.699951171875,1776.699951171875,1762.300048828125,1763.0,1763.0,24.0
CL=F,2012-10-09,89.62000274658203,92.91000366210938,89.29000091552734,92.38999938964844,92.38999938964844,378040.0
^NYA,2012-10-10,8271.7900390625,8282.7900390625,8215.7900390625,8229.169921875,8229.169921875,3225060000.0
^IXIC,2012-10-10,3066.25,3071.570068359375,3046.780029296875,3051.780029296875,3051.780029296875,1788970000.0
^FTSE,2012-10-10,5810.2998046875,5810.5,5776.7001953125,5776.7001953125,5776.7001953125,681615400.0
^NSEI,2012-10-10,5671.14990234375,5686.5,5647.0498046875,5652.14990234375,5652.14990234375,0.0
^BSESN,2012-10-10,18699.189453125,18740.630859375,18614.369140625,18631.099609375,18631.099609375,7200.0
^N225,2012-10-10,8650.5498046875,8660.6796875,8578.25,8596.23046875,8596.23046875,122300000.0
000001.SS,2012-10-10,2111.5869140625,2121.991943359375,2102.534912109375,2119.94189453125,2119.94189453125,79000.0
^N100,2012-10-10,646.469970703125,648.9500122070312,645.6599731445312,646.27001953125,646.27001953125,217617600.0
^DJI,2012-10-10,13473.5302734375,13478.830078125,13327.6201171875,13344.9697265625,13344.9697265625,101120000.0
^GSPC,2012-10-10,1441.47998046875,1442.52001953125,1430.6400146484375,1432.56005859375,1432.56005859375,3225060000.0
GC=F,2012-10-10,1762.4000244140625,1764.199951171875,1758.0999755859375,1763.199951171875,1763.199951171875,29.0
CL=F,2012-10-10,92.26000213623048,93.66000366210938,91.0199966430664,91.25,91.25,303502.0
^NYA,2012-10-11,8281.830078125,8309.669921875,8256.5302734375,8256.58984375,8256.58984375,3672540000.0
^IXIC,2012-10-11,3075.889892578125,3078.080078125,3047.139892578125,3049.409912109375,3049.409912109375,1595020000.0
^FTSE,2012-10-11,5776.7001953125,5846.2998046875,5766.7001953125,5829.7998046875,5829.7998046875,693356400.0
^NSEI,2012-10-11,5663.5,5721.10009765625,5636.9501953125,5708.0498046875,5708.0498046875,0.0
^BSESN,2012-10-11,18627.369140625,18847.810546875,18581.490234375,18804.75,18804.75,9400.0
^N225,2012-10-11,8514.6298828125,8607.419921875,8514.6298828125,8546.7802734375,8546.7802734375,132900000.0
000001.SS,2012-10-11,2114.23193359375,2117.839111328125,2101.139892578125,2102.867919921875,2102.867919921875,74400.0
^N100,2012-10-11,643.97998046875,654.969970703125,643.9400024414062,653.25,653.25,234411000.0
^DJI,2012-10-11,13346.2802734375,13428.490234375,13326.1201171875,13326.3896484375,13326.3896484375,86630000.0
^GSPC,2012-10-11,1432.8199462890625,1443.9000244140625,1432.8199462890625,1432.8399658203125,1432.8399658203125,3672540000.0
GC=F,2012-10-11,1761.5999755859375,1771.0,1761.5999755859375,1768.800048828125,1768.800048828125,30.0
CL=F,2012-10-11,91.2699966430664,92.94000244140624,91.08999633789062,92.06999969482422,92.06999969482422,300087.0
^NYA,2012-10-12,8256.3896484375,8287.2900390625,8210.48046875,8227.080078125,8227.080078125,3134750000.0
^IXIC,2012-10-12,3049.080078125,3061.77001953125,3039.580078125,3044.110107421875,3044.110107421875,1524840000.0
^FTSE,2012-10-12,5829.7998046875,5829.7998046875,5793.2998046875,5793.2998046875,5793.2998046875,888088200.0
^NSEI,2012-10-12,5681.7001953125,5725.0,5659.35009765625,5676.0498046875,5676.0498046875,0.0
^BSESN,2012-10-12,18727.099609375,18844.349609375,18638.33984375,18675.1796875,18675.1796875,9000.0
^N225,2012-10-12,8607.7001953125,8620.1796875,8516.1103515625,8534.1201171875,8534.1201171875,139400000.0
000001.SS,2012-10-12,2109.070068359375,2127.306884765625,2092.510986328125,2104.931884765625,2104.931884765625,68200.0
^N100,2012-10-12,651.489990234375,653.7999877929688,649.510009765625,649.510009765625,649.510009765625,266024400.0
^DJI,2012-10-12,13325.6201171875,13401.3203125,13296.4296875,13328.849609375,13328.849609375,113740000.0
^GSPC,2012-10-12,1432.8399658203125,1438.4300537109375,1425.530029296875,1428.5899658203125,1428.5899658203125,3134750000.0
GC=F,2012-10-12,1769.5,1769.5,1753.5999755859375,1758.0,1758.0,84.0
CL=F,2012-10-12,92.41000366210938,92.63999938964844,91.16000366210938,91.86000061035156,91.86000061035156,198462.0
^NYA,2012-10-15,8244.6103515625,8298.25,8221.2001953125,8293.5,8293.5,3483810000.0
^IXIC,2012-10-15,3053.2099609375,3066.31005859375,3037.27001953125,3064.179931640625,3064.179931640625,1563440000.0
^FTSE,2012-10-15,5793.2998046875,5827.89990234375,5786.0,5805.60009765625,5805.60009765625,695435700.0
^NSEI,2012-10-15,5674.25,5693.7001953125,5651.0498046875,5687.25,5687.25,0.0
^BSESN,2012-10-15,18690.990234375,18726.380859375,18596.650390625,18713.55078125,18713.55078125,6000.0
^N225,2012-10-15,8517.76953125,8595.1103515625,8488.1396484375,8577.9296875,8577.9296875,126900000.0
000001.SS,2012-10-15,2105.02392578125,2107.198974609375,2085.114990234375,2098.702880859375,2098.702880859375,54000.0
^N100,2012-10-15,648.9099731445312,657.1300048828125,648.9099731445312,654.0999755859375,654.0999755859375,201502200.0
^DJI,2012-10-15,13329.5400390625,13437.66015625,13325.9296875,13424.23046875,13424.23046875,114880000.0
^GSPC,2012-10-15,1428.75,1441.31005859375,1427.239990234375,1440.1300048828125,1440.1300048828125,3483810000.0
GC=F,2012-10-15,1750.0,1750.0,1729.9000244140625,1736.0,1736.0,108.0
CL=F,2012-10-15,91.62999725341795,92.1999969482422,89.79000091552734,91.8499984741211,91.8499984741211,269016.0
^NYA,2012-10-16,8293.5,8389.5498046875,8293.5,8386.4697265625,8386.4697265625,3568770000.0
^IXIC,2012-10-16,3073.2099609375,3102.969970703125,3070.25,3101.169921875,3101.169921875,1736930000.0
^FTSE,2012-10-16,5805.60009765625,5878.10009765625,5805.60009765625,5870.5,5870.5,877624500.0
^NSEI,2012-10-16,5705.60009765625,5714.0,5635.60009765625,5648.0,5648.0,0.0
^BSESN,2012-10-16,18784.75,18801.099609375,18549.279296875,18577.69921875,18577.69921875,7600.0
^N225,2012-10-16,8638.6796875,8707.9501953125,8633.6796875,8701.3095703125,8701.3095703125,119800000.0
000001.SS,2012-10-16,2097.050048828125,2111.780029296875,2089.695068359375,2098.80810546875,2098.80810546875,57800.0
^N100,2012-10-16,657.9199829101562,665.5599975585938,655.3699951171875,665.5499877929688,665.5499877929688,273640200.0
^DJI,2012-10-16,13423.83984375,13556.3701171875,13423.759765625,13551.7802734375,13551.7802734375,113450000.0
^GSPC,2012-10-16,1440.31005859375,1455.510009765625,1440.31005859375,1454.9200439453125,1454.9200439453125,3568770000.0
GC=F,2012-10-16,1736.699951171875,1744.699951171875,1736.5999755859375,1744.699951171875,1744.699951171875,15.0
CL=F,2012-10-16,91.76000213623048,92.31999969482422,91.3000030517578,92.08999633789062,92.08999633789062,232217.0
^NYA,2012-10-17,8400.9599609375,8452.98046875,8393.8798828125,8446.509765625,8446.509765625,3655320000.0
^IXIC,2012-10-17,3091.3798828125,3112.449951171875,3088.050048828125,3104.1201171875,3104.1201171875,1770920000.0
^FTSE,2012-10-17,5870.5,5915.60009765625,5868.7001953125,5910.89990234375,5910.89990234375,903398900.0
^NSEI,2012-10-17,5681.10009765625,5684.35009765625,5633.89990234375,5660.25,5660.25,0.0
^BSESN,2012-10-17,18667.720703125,18705.189453125,18535.369140625,18610.76953125,18610.76953125,7000.0
^N225,2012-10-17,8777.3896484375,8837.1904296875,8758.7001953125,8806.5498046875,8806.5498046875,139700000.0
000001.SS,2012-10-17,2104.280029296875,2113.162109375,2088.0439453125,2105.617919921875,2105.617919921875,59800.0
^N100,2012-10-17,666.9600219726562,669.7999877929688,665.219970703125,669.260009765625,669.260009765625,349724400.0
^DJI,2012-10-17,13539.6298828125,13561.650390625,13468.900390625,13557.0,13557.0,135570000.0
^GSPC,2012-10-17,1454.219970703125,1462.199951171875,1453.3499755859375,1460.9100341796875,1460.9100341796875,3655320000.0
GC=F,2012-10-17,1749.4000244140625,1751.5,1746.0,1751.5,1751.5,36.0
CL=F,2012-10-17,92.08000183105467,92.8499984741211,91.5500030517578,92.12000274658205,92.12000274658205,226343.0
^NYA,2012-10-18,8427.7900390625,8470.6904296875,8417.919921875,8442.8203125,8442.8203125,3880030000.0
^IXIC,2012-10-18,3097.77001953125,3102.56005859375,3065.239990234375,3072.8701171875,3072.8701171875,2043290000.0
^FTSE,2012-10-18,5910.89990234375,5928.2998046875,5896.5,5917.10009765625,5917.10009765625,869993300.0
^NSEI,2012-10-18,5675.2998046875,5722.5,5650.5498046875,5718.7001953125,5718.7001953125,0.0
^BSESN,2012-10-18,18653.599609375,18806.560546875,18576.41015625,18791.9296875,18791.9296875,8200.0
^N225,2012-10-18,8886.5595703125,8992.3603515625,8877.169921875,8982.8603515625,8982.8603515625,165000000.0
000001.SS,2012-10-18,2108.498046875,2137.68603515625,2107.491943359375,2131.68798828125,2131.68798828125,87200.0
^N100,2012-10-18,668.469970703125,669.7999877929688,664.7999877929688,668.489990234375,668.489990234375,296070000.0
^DJI,2012-10-18,13553.240234375,13588.73046875,13510.9296875,13548.9404296875,13548.9404296875,128410000.0
^GSPC,2012-10-18,1460.93994140625,1464.02001953125,1452.6300048828125,1457.3399658203125,1457.3399658203125,3880030000.0
GC=F,2012-10-18,1749.0999755859375,1749.0999755859375,1740.5,1743.300048828125,1743.300048828125,27.0
CL=F,2012-10-18,92.05999755859376,92.58999633789062,90.66000366210938,92.0999984741211,92.0999984741211,184654.0
^NYA,2012-10-19,8423.9501953125,8423.9501953125,8301.099609375,8324.1396484375,8324.1396484375,3875170000.0
^IXIC,2012-10-19,3066.56005859375,3066.56005859375,3000.27001953125,3005.6201171875,3005.6201171875,2225580000.0
^FTSE,2012-10-19,5917.10009765625,5919.7001953125,5892.2001953125,5896.2001953125,5896.2001953125,829321100.0
^NSEI,2012-10-19,5703.2998046875,5711.7001953125,5660.0,5684.25,5684.25,0.0
^BSESN,2012-10-19,18768.0,18769.58984375,18611.759765625,18682.310546875,18682.310546875,8000.0
^N225,2012-10-19,8944.0302734375,9016.900390625,8940.3798828125,9002.6796875,9002.6796875,134700000.0
000001.SS,2012-10-19,2129.820068359375,2136.868896484375,2125.736083984375,2128.302001953125,2128.302001953125,67600.0
^N100,2012-10-19,666.5999755859375,668.6799926757812,662.9099731445312,663.8599853515625,663.8599853515625,325680000.0
^DJI,2012-10-19,13545.330078125,13545.490234375,13312.2197265625,13343.509765625,13343.509765625,239080000.0
^GSPC,2012-10-19,1457.3399658203125,1457.3399658203125,1429.8499755859375,1433.18994140625,1433.18994140625,3875170000.0
GC=F,2012-10-19,1741.0999755859375,1741.0999755859375,1721.0,1722.800048828125,1722.800048828125,70.0
CL=F,2012-10-19,92.04000091552734,93.0500030517578,89.83000183105469,90.05000305175781,90.05000305175781,123648.0
^NYA,2012-10-22,8320.7802734375,8345.3798828125,8266.580078125,8329.1796875,8329.1796875,3216220000.0
^IXIC,2012-10-22,3005.919921875,3020.610107421875,2995.780029296875,3016.9599609375,3016.9599609375,1654130000.0
^FTSE,2012-10-22,5896.2001953125,5911.0,5869.89990234375,5882.89990234375,5882.89990234375,540270400.0
^NSEI,2012-10-22,5667.60009765625,5721.5498046875,5658.0498046875,5717.14990234375,5717.14990234375,0.0
^BSESN,2012-10-22,18655.9296875,18809.279296875,18600.880859375,18793.439453125,18793.439453125,7000.0
^N225,2012-10-22,8874.51953125,9031.5498046875,8867.7900390625,9010.7099609375,9010.7099609375,118300000.0
000001.SS,2012-10-22,2118.52099609375,2138.027099609375,2112.751953125,2132.758056640625,2132.758056640625,60200.0
^N100,2012-10-22,662.5,665.9500122070312,659.8300170898438,661.1099853515625,661.1099853515625,229680800.0
^DJI,2012-10-22,13344.2802734375,13368.5498046875,13235.150390625,13345.8896484375,13345.8896484375,121880000.0
^GSPC,2012-10-22,1433.2099609375,1435.4599609375,1422.06005859375,1433.8199462890625,1433.8199462890625,3216220000.0
GC=F,2012-10-22,1715.0,1728.300048828125,1715.0,1725.0999755859375,1725.0999755859375,12.0
CL=F,2012-10-22,89.5199966430664,90.8000030517578,88.19999694824219,88.7300033569336,88.7300033569336,275720.0
^NYA,2012-10-23,8252.8798828125,8252.8798828125,8152.7900390625,8195.3095703125,8195.3095703125,3587670000.0
^IXIC,2012-10-23,2989.43994140625,3006.590087890625,2974.070068359375,2990.4599609375,2990.4599609375,1830840000.0
^FTSE,2012-10-23,5882.89990234375,5893.39990234375,5789.0,5797.89990234375,5797.89990234375,654156800.0
^NSEI,2012-10-23,5715.64990234375,5720.7998046875,5681.4501953125,5691.39990234375,5691.39990234375,0.0
^BSESN,2012-10-23,18803.619140625,18812.9296875,18689.380859375,18710.01953125,18710.01953125,6000.0
^N225,2012-10-23,9066.0302734375,9075.580078125,8970.5,9014.25,9014.25,116300000.0
000001.SS,2012-10-23,2132.10791015625,2136.218017578125,2111.923095703125,2114.447021484375,2114.447021484375,72600.0
^N100,2012-10-23,661.4099731445312,662.47998046875,646.5999755859375,648.5499877929688,648.5499877929688,282447600.0
^DJI,2012-10-23,13344.900390625,13344.900390625,13083.2802734375,13102.5302734375,13102.5302734375,122220000.0
^GSPC,2012-10-23,1433.739990234375,1433.739990234375,1407.56005859375,1413.1099853515625,1413.1099853515625,3587670000.0
GC=F,2012-10-23,1726.5999755859375,1726.5999755859375,1708.300048828125,1708.300048828125,1708.300048828125,75.0
CL=F,2012-10-23,89.13999938964844,89.29000091552734,85.69000244140625,86.66999816894531,86.66999816894531,309492.0
^NYA,2012-10-24,8219.8896484375,8237.41015625,8169.080078125,8179.259765625,8179.259765625,3385970000.0
^IXIC,2012-10-24,3011.820068359375,3012.949951171875,2978.72998046875,2981.699951171875,2981.699951171875,1967000000.0
^FTSE,2012-10-24,5797.89990234375,5823.2001953125,5776.60009765625,5804.7998046875,5804.7998046875,953707400.0
^N225,2012-10-24,8896.41015625,9043.7998046875,8896.41015625,8954.2998046875,8954.2998046875,133000000.0
000001.SS,2012-10-24,2106.830078125,2123.998046875,2104.669921875,2115.989990234375,2115.989990234375,72800.0
^N100,2012-10-24,650.1300048828125,653.27001953125,645.1799926757812,651.6799926757812,651.6799926757812,229170200.0
^DJI,2012-10-24,13103.5302734375,13155.2099609375,13063.6298828125,13077.33984375,13077.33984375,110670000.0
^GSPC,2012-10-24,1413.199951171875,1420.0400390625,1407.0999755859375,1408.75,1408.75,3385970000.0
GC=F,2012-10-24,1708.4000244140625,1708.5,1698.5999755859375,1700.5,1700.5,27.0
CL=F,2012-10-24,86.5999984741211,87.47000122070312,84.94000244140625,85.7300033569336,85.7300033569336,298160.0
^NYA,2012-10-25,8231.490234375,8258.7099609375,8166.18994140625,8211.91015625,8211.91015625,3512640000.0
^IXIC,2012-10-25,3005.0400390625,3007.7099609375,2975.97998046875,2986.1201171875,2986.1201171875,1922660000.0
^FTSE,2012-10-25,5804.7998046875,5840.60009765625,5802.2001953125,5805.10009765625,5805.10009765625,654435200.0
^NSEI,2012-10-25,5688.7998046875,5718.75,5685.7001953125,5705.2998046875,5705.2998046875,0.0
^BSESN,2012-10-25,18712.41015625,18789.919921875,18699.0703125,18758.630859375,18758.630859375,8600.0
^N225,2012-10-25,8952.1298828125,9057.3095703125,8941.849609375,9055.2001953125,9055.2001953125,115600000.0
000001.SS,2012-10-25,2114.763916015625,2128.739990234375,2100.60888671875,2101.580078125,2101.580078125,85400.0
^N100,2012-10-25,652.1599731445312,657.0599975585938,649.8900146484375,650.1699829101562,650.1699829101562,237924400.0
^DJI,2012-10-25,13079.6396484375,13214.1103515625,13017.3701171875,13103.6796875,13103.6796875,114590000.0
^GSPC,2012-10-25,1409.739990234375,1421.1199951171875,1405.1400146484375,1412.969970703125,1412.969970703125,3512640000.0
GC=F,2012-10-25,1711.699951171875,1716.699951171875,1711.699951171875,1712.0,1712.0,33.0
CL=F,2012-10-25,85.6500015258789,86.75,85.2300033569336,86.05000305175781,86.05000305175781,208678.0
^NYA,2012-10-26,8202.8095703125,8225.0400390625,8154.9599609375,8190.2001953125,8190.2001953125,3284910000.0
^IXIC,2012-10-26,2986.050048828125,2999.139892578125,2961.159912109375,2987.949951171875,2987.949951171875,1839700000.0
^FTSE,2012-10-26,5805.10009765625,5817.89990234375,5753.2998046875,5806.7001953125,5806.7001953125,622849800.0
^N225,2012-10-26,9058.9296875,9075.58984375,8933.0595703125,8933.0595703125,8933.0595703125,132100000.0
000001.SS,2012-10-26,2100.10009765625,2102.162109375,2058.06298828125,2066.208984375,2066.208984375,78600.0
^N100,2012-10-26,646.489990234375,655.2000122070312,646.010009765625,653.3599853515625,653.3599853515625,235936000.0
^DJI,2012-10-26,13104.2197265625,13151.7197265625,13040.169921875,13107.2099609375,13107.2099609375,134640000.0
^GSPC,2012-10-26,1412.969970703125,1417.0899658203125,1403.280029296875,1411.93994140625,1411.93994140625,3284910000.0
GC=F,2012-10-26,1706.0999755859375,1716.199951171875,1706.0999755859375,1710.9000244140625,1710.9000244140625,77.0
CL=F,2012-10-26,86.0,86.37000274658203,85.0,86.27999877929688,86.27999877929688,212378.0
^FTSE,2012-10-29,5806.7001953125,5812.7001953125,5763.5,5795.10009765625,5795.10009765625,432888800.0
^NSEI,2012-10-29,5665.2001953125,5698.2998046875,5645.10009765625,5665.60009765625,5665.60009765625,0.0
^BSESN,2012-10-29,18656.0,18743.41015625,18572.01953125,18635.8203125,18635.8203125,7600.0
^N225,2012-10-29,8958.7900390625,8986.0498046875,8909.3701171875,8929.33984375,8929.33984375,97300000.0
000001.SS,2012-10-29,2061.846923828125,2068.237060546875,2053.092041015625,2058.943115234375,2058.943115234375,53600.0
^N100,2012-10-29,649.6599731445312,651.469970703125,647.0900268554688,649.4400024414062,649.4400024414062,168343200.0
^FTSE,2012-10-30,5795.10009765625,5852.2001953125,5794.89990234375,5849.89990234375,5849.89990234375,403992400.0
^NSEI,2012-10-30,5656.35009765625,5689.89990234375,5589.89990234375,5597.89990234375,5597.89990234375,0.0
^BSESN,2012-10-30,18642.009765625,18718.279296875,18393.419921875,18430.849609375,18430.849609375,9000.0
^N225,2012-10-30,8941.8203125,8995.8095703125,8841.98046875,8841.98046875,8841.98046875,149200000.0
000001.SS,2012-10-30,2059.201904296875,2075.905029296875,2054.263916015625,2062.346923828125,2062.346923828125,60600.0
^N100,2012-10-30,651.2899780273438,657.1400146484375,651.2899780273438,657.1199951171875,657.1199951171875,138949000.0
^NYA,2012-10-31,8190.2001953125,8252.76953125,8185.47998046875,8221.400390625,8221.400390625,3577110000.0
^IXIC,2012-10-31,2986.85009765625,2989.699951171875,2964.93994140625,2977.22998046875,2977.22998046875,1806780000.0
^FTSE,2012-10-31,5849.89990234375,5866.7001953125,5782.7001953125,5782.7001953125,5782.7001953125,874664200.0
^NSEI,2012-10-31,5596.75,5624.39990234375,5583.0498046875,5619.7001953125,5619.7001953125,0.0
^BSESN,2012-10-31,18436.7890625,18521.619140625,18398.48046875,18505.380859375,18505.380859375,7000.0
^N225,2012-10-31,8911.080078125,8985.580078125,8905.4404296875,8928.2900390625,8928.2900390625,135500000.0
000001.SS,2012-10-31,2061.1240234375,2070.47900390625,2053.5830078125,2068.8798828125,2068.8798828125,59600.0
^N100,2012-10-31,657.1699829101562,660.9500122070312,651.8599853515625,651.8599853515625,651.8599853515625,213492800.0
^DJI,2012-10-31,13107.4404296875,13189.080078125,13052.0703125,13096.4599609375,13096.4599609375,138160000.0
^GSPC,2012-10-31,1410.989990234375,1418.760009765625,1405.949951171875,1412.1600341796875,1412.1600341796875,3577110000.0
GC=F,2012-10-31,1714.4000244140625,1724.5,1714.4000244140625,1717.5,1717.5,64.0
CL=F,2012-10-31,85.7300033569336,87.19000244140625,85.61000061035156,86.23999786376953,86.23999786376953,212577.0
^NYA,2012-11-01,8231.669921875,8311.6796875,8231.669921875,8311.3603515625,8311.3603515625,3929890000.0
^IXIC,2012-11-01,2987.5400390625,3021.93994140625,2984.219970703125,3020.06005859375,3020.06005859375,1880140000.0
^FTSE,2012-11-01,5782.7001953125,5866.7998046875,5778.0,5861.89990234375,5861.89990234375,1042591700.0
^NSEI,2012-11-01,5609.85009765625,5649.75,5601.9501953125,5645.0498046875,5645.0498046875,0.0
^BSESN,2012-11-01,18487.900390625,18589.130859375,18445.1796875,18561.69921875,18561.69921875,9000.0
^N225,2012-11-01,8931.7099609375,8976.080078125,8871.48046875,8946.8701171875,8946.8701171875,140600000.0
000001.SS,2012-11-01,2070.02001953125,2109.49609375,2069.947998046875,2104.427001953125,2104.427001953125,82800.0
^N100,2012-11-01,651.3099975585938,661.260009765625,650.72998046875,659.8599853515625,659.8599853515625,163370400.0
^DJI,2012-11-01,13099.1904296875,13273.7099609375,13099.1103515625,13232.6201171875,13232.6201171875,140510000.0
^GSPC,2012-11-01,1412.199951171875,1428.3499755859375,1412.199951171875,1427.5899658203125,1427.5899658203125,3929890000.0
GC=F,2012-11-01,1722.300048828125,1725.0999755859375,1714.0999755859375,1714.0999755859375,1714.0999755859375,24.0
CL=F,2012-11-01,86.0999984741211,87.41999816894531,85.91999816894531,87.08999633789062,87.08999633789062,197179.0
^NYA,2012-11-02,8335.41015625,8339.7802734375,8229.41015625,8234.91015625,8234.91015625,3732480000.0
^IXIC,2012-11-02,3033.85009765625,3033.85009765625,2981.68994140625,2982.1298828125,2982.1298828125,1834590000.0
^FTSE,2012-11-02,5861.89990234375,5890.10009765625,5844.2998046875,5868.60009765625,5868.60009765625,855128600.0
^NSEI,2012-11-02,5696.35009765625,5711.2998046875,5682.5498046875,5697.7001953125,5697.7001953125,0.0
^BSESN,2012-11-02,18692.150390625,18793.75,18687.9296875,18755.44921875,18755.44921875,9200.0
^N225,2012-11-02,9049.2197265625,9072.3896484375,9031.4296875,9051.2197265625,9051.2197265625,137900000.0
000001.SS,2012-11-02,2105.448974609375,2119.22412109375,2096.531005859375,2117.0458984375,2117.0458984375,76600.0
^N100,2012-11-02,660.72998046875,665.2899780273438,658.1699829101562,663.5,663.5,178808800.0
^DJI,2012-11-02,13232.6201171875,13289.4501953125,13076.5703125,13093.16015625,13093.16015625,137660000.0
^GSPC,2012-11-02,1427.5899658203125,1434.27001953125,1412.9100341796875,1414.199951171875,1414.199951171875,3732480000.0
GC=F,2012-11-02,1711.300048828125,1711.300048828125,1674.0999755859375,1674.0999755859375,1674.0999755859375,50.0
CL=F,2012-11-02,86.91000366210938,87.23999786376953,84.66000366210938,84.86000061035156,84.86000061035156,297311.0
^NYA,2012-11-05,8217.58984375,8250.599609375,8197.2099609375,8240.25,8240.25,2921040000.0
^IXIC,2012-11-05,2983.030029296875,3004.8701171875,2975.85009765625,2999.659912109375,2999.659912109375,1496210000.0
^FTSE,2012-11-05,5868.60009765625,5868.60009765625,5825.60009765625,5839.10009765625,5839.10009765625,565871300.0
^NSEI,2012-11-05,5693.0498046875,5709.2001953125,5679.5,5704.2001953125,5704.2001953125,0.0
^BSESN,2012-11-05,18749.369140625,18794.630859375,18683.25,18762.869140625,18762.869140625,5600.0
^N225,2012-11-05,9000.8095703125,9040.1796875,8984.6904296875,9007.4404296875,9007.4404296875,101400000.0
000001.SS,2012-11-05,2113.327880859375,2123.326904296875,2104.5830078125,2114.027099609375,2114.027099609375,71600.0
^N100,2012-11-05,660.1099853515625,660.5599975585938,656.6599731445312,656.6599731445312,656.6599731445312,140389600.0
^DJI,2012-11-05,13092.2802734375,13140.580078125,13038.7099609375,13112.4404296875,13112.4404296875,95350000.0
^GSPC,2012-11-05,1414.02001953125,1419.9000244140625,1408.1300048828125,1417.260009765625,1417.260009765625,2921040000.0
GC=F,2012-11-05,1682.800048828125,1683.0999755859375,1674.300048828125,1682.199951171875,1682.199951171875,7.0
CL=F,2012-11-05,84.6500015258789,85.9000015258789,84.33999633789062,85.6500015258789,85.6500015258789,221397.0
^NYA,2012-11-06,8240.25,8329.2197265625,8240.25,8312.349609375,8312.349609375,3306970000.0
^IXIC,2012-11-06,3003.7099609375,3024.43994140625,2998.929931640625,3011.929931640625,3011.929931640625,1782430000.0
^FTSE,2012-11-06,5839.10009765625,5885.2001953125,5839.10009765625,5884.89990234375,5884.89990234375,774672800.0
^NSEI,2012-11-06,5694.10009765625,5730.7998046875,5693.64990234375,5724.39990234375,5724.39990234375,0.0
^BSESN,2012-11-06,18739.970703125,18829.0703125,18726.939453125,18817.380859375,18817.380859375,7600.0
^N225,2012-11-06,8989.580078125,8990.349609375,8957.490234375,8975.150390625,8975.150390625,104700000.0
000001.SS,2012-11-06,2113.657958984375,2114.791015625,2078.471923828125,2105.9990234375,2105.9990234375,71400.0
^N100,2012-11-06,658.010009765625,661.6900024414062,656.6599731445312,661.47998046875,661.47998046875,154711800.0
^DJI,2012-11-06,13112.900390625,13290.75,13112.900390625,13245.6796875,13245.6796875,105710000.0
^GSPC,2012-11-06,1417.260009765625,1433.3800048828125,1417.260009765625,1428.3900146484375,1428.3900146484375,3306970000.0
GC=F,2012-11-06,1690.0999755859375,1718.0,1690.0999755859375,1714.0999755859375,1714.0999755859375,47.0
CL=F,2012-11-06,85.66999816894531,89.22000122070312,85.41999816894531,88.70999908447266,88.70999908447266,303429.0
^NYA,2012-11-07,8242.1103515625,8242.1103515625,8098.85009765625,8138.7998046875,8138.7998046875,4356490000.0
^IXIC,2012-11-07,2976.4599609375,2977.81005859375,2926.7900390625,2937.2900390625,2937.2900390625,2059690000.0
^FTSE,2012-11-07,5884.89990234375,5921.7998046875,5789.39990234375,5791.60009765625,5791.60009765625,922666000.0
^NSEI,2012-11-07,5718.60009765625,5777.2998046875,5711.39990234375,5760.10009765625,5760.10009765625,0.0
^BSESN,2012-11-07,18802.8203125,18973.4296875,18786.140625,18902.41015625,18902.41015625,8800.0
^N225,2012-11-07,9030.5595703125,9032.3203125,8924.41015625,8972.8896484375,8972.8896484375,130900000.0
000001.SS,2012-11-07,2102.4189453125,2112.631103515625,2093.2890625,2105.72998046875,2105.72998046875,59400.0
^N100,2012-11-07,666.2000122070312,667.0700073242188,650.9199829101562,651.1199951171875,651.1199951171875,265658000.0
^DJI,2012-11-07,13228.240234375,13228.3203125,12876.599609375,12932.73046875,12932.73046875,164250000.0
^GSPC,2012-11-07,1428.27001953125,1428.27001953125,1388.1400146484375,1394.530029296875,1394.530029296875,4356490000.0
GC=F,2012-11-07,1707.699951171875,1726.5,1703.699951171875,1713.199951171875,1713.199951171875,42.0
CL=F,2012-11-07,88.41999816894531,88.80000305175781,84.05000305175781,84.44000244140625,84.44000244140625,422211.0
^NYA,2012-11-08,8137.22021484375,8167.919921875,8050.830078125,8050.830078125,8050.830078125,3779520000.0
^IXIC,2012-11-08,2942.090087890625,2949.699951171875,2895.580078125,2895.580078125,2895.580078125,1876420000.0
^FTSE,2012-11-08,5791.60009765625,5824.39990234375,5770.7001953125,5776.10009765625,5776.10009765625,729278400.0
^NSEI,2012-11-08,5709.0,5744.5,5693.9501953125,5738.75,5738.75,0.0
^BSESN,2012-11-08,18779.740234375,18865.2109375,18736.44921875,18846.259765625,18846.259765625,9800.0
^N225,2012-11-08,8868.419921875,8891.080078125,8811.41015625,8837.150390625,8837.150390625,106500000.0
000001.SS,2012-11-08,2091.25390625,2092.56494140625,2070.64892578125,2071.509033203125,2071.509033203125,66600.0
^N100,2012-11-08,654.5599975585938,655.989990234375,649.2100219726562,650.1099853515625,650.1099853515625,211708200.0
^DJI,2012-11-08,12932.8095703125,12980.23046875,12811.240234375,12811.3203125,12811.3203125,138350000.0
^GSPC,2012-11-08,1394.530029296875,1401.22998046875,1377.510009765625,1377.510009765625,1377.510009765625,3779520000.0
GC=F,2012-11-08,1715.9000244140625,1725.4000244140625,1714.199951171875,1725.4000244140625,1725.4000244140625,34.0
CL=F,2012-11-08,84.5199966430664,85.69999694824219,84.22000122070312,85.08999633789062,85.08999633789062,296599.0
^NYA,2012-11-09,8020.97021484375,8111.10986328125,8014.08984375,8053.56005859375,8053.56005859375,3647350000.0
^IXIC,2012-11-09,2892.570068359375,2931.110107421875,2889.81005859375,2904.8701171875,2904.8701171875,1802580000.0
^FTSE,2012-11-09,5776.10009765625,5786.39990234375,5715.2001953125,5769.7001953125,5769.7001953125,708900000.0
^NSEI,2012-11-09,5731.10009765625,5751.7001953125,5677.75,5686.25,5686.25,0.0
^BSESN,2012-11-09,18832.75,18894.419921875,18656.41015625,18683.6796875,18683.6796875,9600.0
^N225,2012-11-09,8742.6796875,8779.240234375,8729.4501953125,8757.599609375,8757.599609375,104000000.0
000001.SS,2012-11-09,2066.4951171875,2077.22802734375,2062.4169921875,2069.06689453125,2069.06689453125,54200.0
^N100,2012-11-09,650.6099853515625,653.6300048828125,644.2899780273438,651.97998046875,651.97998046875,225995800.0
^DJI,2012-11-09,12811.169921875,12890.1904296875,12743.3896484375,12815.3896484375,12815.3896484375,131670000.0
^GSPC,2012-11-09,1377.550048828125,1391.3900146484375,1373.030029296875,1379.8499755859375,1379.8499755859375,3647350000.0
GC=F,2012-11-09,1733.699951171875,1734.0999755859375,1727.5999755859375,1730.300048828125,1730.300048828125,6.0
CL=F,2012-11-09,85.0,86.7699966430664,84.12999725341797,86.06999969482422,86.06999969482422,322403.0
^NYA,2012-11-12,8066.5400390625,8067.89990234375,8052.080078125,8054.0400390625,8054.0400390625,2567540000.0
^IXIC,2012-11-12,2916.3798828125,2920.010009765625,2896.550048828125,2904.25,2904.25,1379240000.0
^FTSE,2012-11-12,5769.7001953125,5795.2998046875,5762.0,5767.2998046875,5767.2998046875,654357700.0
^NSEI,2012-11-12,5688.4501953125,5718.89990234375,5665.75,5683.7001953125,5683.7001953125,0.0
^BSESN,2012-11-12,18691.01953125,18750.919921875,18607.66015625,18670.33984375,18670.33984375,19400.0
^N225,2012-11-12,8701.2802734375,8728.849609375,8676.4404296875,8676.4404296875,8676.4404296875,86300000.0
000001.SS,2012-11-12,2069.214111328125,2079.571044921875,2061.840087890625,2079.27294921875,2079.27294921875,56600.0
^N100,2012-11-12,652.2100219726562,653.75,649.8099975585938,650.760009765625,650.760009765625,128587200.0
^DJI,2012-11-12,12815.9296875,12861.2802734375,12783.0,12815.080078125,12815.080078125,62360000.0
^GSPC,2012-11-12,1379.8599853515625,1384.8699951171875,1377.18994140625,1380.030029296875,1380.030029296875,2567540000.0
GC=F,2012-11-12,1733.199951171875,1733.4000244140625,1730.300048828125,1730.300048828125,1730.300048828125,6.0
CL=F,2012-11-12,86.19000244140625,86.54000091552734,85.2699966430664,85.56999969482422,85.56999969482422,280690.0
^NYA,2012-11-13,8017.2099609375,8096.66015625,8004.43994140625,8023.22998046875,8023.22998046875,3455550000.0
^IXIC,2012-11-13,2880.77001953125,2909.0,2877.06005859375,2883.889892578125,2883.889892578125,1816260000.0
^FTSE,2012-11-13,5767.2998046875,5786.2998046875,5711.0,5786.2998046875,5786.2998046875,950283500.0
^N225,2012-11-13,8710.51953125,8723.4599609375,8619.4501953125,8661.0498046875,8661.0498046875,94900000.0
000001.SS,2012-11-13,2078.133056640625,2078.133056640625,2044.0360107421875,2047.8890380859373,2047.8890380859373,61000.0
^N100,2012-11-13,647.9299926757812,655.25,645.739990234375,654.72998046875,654.72998046875,178215800.0
^DJI,2012-11-13,12808.7099609375,12898.25,12748.509765625,12756.1796875,12756.1796875,142200000.0
^GSPC,2012-11-13,1380.030029296875,1388.81005859375,1371.3900146484375,1374.530029296875,1374.530029296875,3455550000.0
GC=F,2012-11-13,1721.5999755859375,1728.199951171875,1718.5,1724.199951171875,1724.199951171875,12.0
CL=F,2012-11-13,85.58999633789062,85.94999694824219,84.56999969482422,85.37999725341797,85.37999725341797,352247.0
^NYA,2012-11-14,8026.009765625,8049.4599609375,7887.31005859375,7903.419921875,7903.419921875,4109510000.0
^IXIC,2012-11-14,2896.81005859375,2900.10009765625,2842.860107421875,2846.81005859375,2846.81005859375,2106590000.0
^FTSE,2012-11-14,5786.2998046875,5786.2998046875,5719.60009765625,5722.0,5722.0,865457700.0
^N225,2012-11-14,8660.26953125,8680.400390625,8653.490234375,8664.73046875,8664.73046875,81000000.0
000001.SS,2012-11-14,2047.2569580078125,2056.488037109375,2040.1719970703125,2055.4189453125,2055.4189453125,48000.0
^N100,2012-11-14,651.7999877929688,654.1199951171875,647.2999877929688,647.9000244140625,647.9000244140625,166006000.0
^DJI,2012-11-14,12746.5400390625,12797.73046875,12542.6796875,12570.9501953125,12570.9501953125,162180000.0
^GSPC,2012-11-14,1374.6400146484375,1380.1300048828125,1352.5,1355.489990234375,1355.489990234375,4109510000.0
GC=F,2012-11-14,1722.0,1729.5,1722.0,1729.5,1729.5,11.0
CL=F,2012-11-14,85.37000274658203,86.6500015258789,84.93000030517578,86.31999969482422,86.31999969482422,265306.0
^NYA,2012-11-15,7905.27978515625,7942.4501953125,7865.72021484375,7896.8798828125,7896.8798828125,3928870000.0
^IXIC,2012-11-15,2847.840087890625,2855.639892578125,2826.75,2836.93994140625,2836.93994140625,2010300000.0
^FTSE,2012-11-15,5722.0,5722.0,5674.2998046875,5677.7998046875,5677.7998046875,799767400.0
^NSEI,2012-11-15,5650.35009765625,5651.64990234375,5603.5498046875,5631.0,5631.0,0.0
^BSESN,2012-11-15,18590.0703125,18593.5390625,18408.689453125,18471.369140625,18471.369140625,6200.0
^N225,2012-11-15,8703.8203125,8829.7197265625,8684.23046875,8829.7197265625,8829.7197265625,161300000.0
000001.SS,2012-11-15,2045.4560546875,2053.56005859375,2029.8740234375,2030.2900390625,2030.2900390625,50600.0
^N100,2012-11-15,644.1400146484375,646.6400146484375,642.0599975585938,642.739990234375,642.739990234375,193432200.0
^DJI,2012-11-15,12571.099609375,12600.58984375,12496.5595703125,12542.3798828125,12542.3798828125,129150000.0
^GSPC,2012-11-15,1355.4100341796875,1360.6199951171875,1348.050048828125,1353.3299560546875,1353.3299560546875,3928870000.0
GC=F,2012-11-15,1724.9000244140625,1724.9000244140625,1706.300048828125,1713.300048828125,1713.300048828125,10.0
CL=F,2012-11-15,86.36000061035156,86.83000183105469,84.68000030517578,85.44999694824219,85.44999694824219,168098.0
^NYA,2012-11-16,7901.60009765625,7938.91015625,7841.759765625,7931.5498046875,7931.5498046875,4045910000.0
^IXIC,2012-11-16,2838.89990234375,2859.570068359375,2810.800048828125,2853.1298828125,2853.1298828125,2187730000.0
^FTSE,2012-11-16,5677.7998046875,5682.7001953125,5605.60009765625,5605.60009765625,5605.60009765625,939385600.0
^NSEI,2012-11-16,5624.7998046875,5650.14990234375,5559.7998046875,5574.0498046875,5574.0498046875,0.0
^BSESN,2012-11-16,18491.490234375,18563.3203125,18266.759765625,18309.369140625,18309.369140625,7000.0
^N225,2012-11-16,8898.330078125,9032.349609375,8898.330078125,9024.16015625,9024.16015625,199100000.0
000001.SS,2012-11-16,2026.56298828125,2028.68603515625,2001.7149658203125,2014.7249755859373,2014.7249755859373,49600.0
^N100,2012-11-16,641.9400024414062,643.7000122070312,635.1599731445312,635.1599731445312,635.1599731445312,241465000.0
^DJI,2012-11-16,12542.3095703125,12604.169921875,12471.490234375,12588.3095703125,12588.3095703125,197110000.0
^GSPC,2012-11-16,1353.3599853515625,1362.030029296875,1343.3499755859375,1359.8800048828125,1359.8800048828125,4045910000.0
GC=F,2012-11-16,1710.0,1714.300048828125,1706.9000244140625,1714.300048828125,1714.300048828125,16.0
CL=F,2012-11-16,85.27999877929688,87.01000213623047,85.0199966430664,86.66999816894531,86.66999816894531,271209.0
^NYA,2012-11-19,8002.25,8080.2998046875,8002.25,8080.2900390625,8080.2900390625,3374800000.0
^IXIC,2012-11-19,2886.0,2916.070068359375,2884.75,2916.070068359375,2916.070068359375,1767240000.0
^FTSE,2012-11-19,5605.60009765625,5739.7001953125,5605.60009765625,5737.7001953125,5737.7001953125,745281500.0
^NSEI,2012-11-19,5577.2998046875,5592.75,5549.25,5571.39990234375,5571.39990234375,0.0
^BSESN,2012-11-19,18349.529296875,18386.779296875,18256.0703125,18339.0,18339.0,7200.0
^N225,2012-11-19,9141.26953125,9183.4599609375,9135.2900390625,9153.2001953125,9153.2001953125,143100000.0
000001.SS,2012-11-19,2013.2459716796875,2018.3800048828125,1995.720947265625,2016.9820556640625,2016.9820556640625,45400.0
^N100,2012-11-19,640.1699829101562,651.0499877929688,639.3900146484375,650.3900146484375,650.3900146484375,191450800.0
^DJI,2012-11-19,12590.23046875,12796.1904296875,12590.23046875,12795.9599609375,12795.9599609375,136910000.0
^GSPC,2012-11-19,1359.8800048828125,1386.8900146484375,1359.8800048828125,1386.8900146484375,1386.8900146484375,3374800000.0
GC=F,2012-11-19,1721.800048828125,1734.0,1721.800048828125,1734.0,1734.0,4.0
CL=F,2012-11-19,87.30000305175781,89.80000305175781,87.11000061035156,89.27999877929688,89.27999877929688,247078.0
^NYA,2012-11-20,8071.35986328125,8094.7001953125,8033.2998046875,8086.41015625,8086.41015625,3207160000.0
^IXIC,2012-11-20,2910.72998046875,2919.9599609375,2893.3798828125,2916.679931640625,2916.679931640625,1588750000.0
^FTSE,2012-11-20,5737.7001953125,5751.7998046875,5706.7001953125,5748.10009765625,5748.10009765625,803266300.0
^NSEI,2012-11-20,5604.7998046875,5613.7001953125,5548.35009765625,5571.5498046875,5571.5498046875,0.0
^BSESN,2012-11-20,18422.689453125,18467.91015625,18255.689453125,18329.3203125,18329.3203125,6600.0
^N225,2012-11-20,9198.419921875,9200.849609375,9129.4296875,9142.6396484375,9142.6396484375,133700000.0
000001.SS,2012-11-20,2020.4329833984373,2023.6109619140625,2004.1700439453125,2008.9229736328125,2008.9229736328125,42600.0
^N100,2012-11-20,648.4500122070312,654.719970703125,647.0800170898438,654.3400268554688,654.3400268554688,160239200.0
^DJI,2012-11-20,12790.8896484375,12808.5595703125,12701.0703125,12788.509765625,12788.509765625,134160000.0
^GSPC,2012-11-20,1386.8199462890625,1389.77001953125,1377.0400390625,1387.81005859375,1387.81005859375,3207160000.0
GC=F,2012-11-20,1730.5999755859375,1731.0999755859375,1722.5,1723.199951171875,1723.199951171875,21.0
CL=F,2012-11-20,89.1500015258789,89.19000244140625,86.16999816894531,86.75,86.75,322630.0
^NYA,2012-11-21,8095.14013671875,8112.919921875,8080.64990234375,8112.18017578125,8112.18017578125,2667090000.0
^IXIC,2012-11-21,2919.139892578125,2928.169921875,2912.419921875,2926.550048828125,2926.550048828125,1430060000.0
^FTSE,2012-11-21,5748.10009765625,5760.10009765625,5727.89990234375,5752.0,5752.0,640008800.0
^NSEI,2012-11-21,5582.5,5620.2001953125,5561.39990234375,5614.7998046875,5614.7998046875,0.0
^BSESN,2012-11-21,18379.900390625,18478.5,18309.810546875,18460.380859375,18460.380859375,6800.0
^N225,2012-11-21,9213.73046875,9248.98046875,9161.2099609375,9222.51953125,9222.51953125,134700000.0
000001.SS,2012-11-21,2008.2110595703125,2031.1490478515625,1995.1739501953125,2030.3189697265625,2030.3189697265625,53200.0
^N100,2012-11-21,652.8400268554688,656.6500244140625,650.9400024414062,655.719970703125,655.719970703125,171734800.0
^DJI,2012-11-21,12788.3603515625,12845.990234375,12786.1298828125,12836.8896484375,12836.8896484375,97300000.0
^GSPC,2012-11-21,1387.7900390625,1391.25,1386.3900146484375,1391.030029296875,1391.030029296875,2667090000.0
GC=F,2012-11-21,1725.800048828125,1727.9000244140625,1725.800048828125,1727.9000244140625,1727.9000244140625,23.0
CL=F,2012-11-21,87.27999877929688,87.88999938964844,86.37000274658203,87.37999725341797,87.37999725341797,220980.0
^FTSE,2012-11-22,5752.0,5796.5,5752.0,5791.0,5791.0,511821700.0
^NSEI,2012-11-22,5628.60009765625,5643.35009765625,5608.0,5627.75,5627.75,0.0
^BSESN,2012-11-22,18510.939453125,18567.6796875,18456.19921875,18517.33984375,18517.33984375,6200.0
^N225,2012-11-22,9336.3203125,9366.7998046875,9304.7197265625,9366.7998046875,9366.7998046875,147400000.0
000001.SS,2012-11-22,2021.208984375,2023.0849609375,2009.719970703125,2015.6109619140625,2015.6109619140625,45600.0
^N100,2012-11-22,657.4000244140625,659.5800170898438,656.5700073242188,659.1699829101562,659.1699829101562,123003400.0
^NYA,2012-11-23,8150.3798828125,8225.51953125,8150.3798828125,8225.509765625,8225.509765625,1504960000.0
^IXIC,2012-11-23,2943.6201171875,2967.18994140625,2940.679931640625,2966.85009765625,2966.85009765625,792750000.0
^FTSE,2012-11-23,5791.0,5830.5,5781.39990234375,5819.10009765625,5819.10009765625,427505000.0
^NSEI,2012-11-23,5635.4501953125,5637.75,5593.5498046875,5626.60009765625,5626.60009765625,0.0
^BSESN,2012-11-23,18543.94921875,18556.5,18402.380859375,18506.5703125,18506.5703125,6000.0
000001.SS,2012-11-23,2020.0150146484373,2034.884033203125,2017.0040283203125,2027.384033203125,2027.384033203125,51600.0
^N100,2012-11-23,660.1699829101562,664.8200073242188,657.22998046875,664.8200073242188,664.8200073242188,144182200.0
^DJI,2012-11-23,12833.1298828125,13011.4501953125,12832.98046875,13009.5302734375,13009.5302734375,61110000.0
^GSPC,2012-11-23,1391.030029296875,1409.1600341796875,1391.030029296875,1409.1500244140625,1409.1500244140625,1504960000.0
GC=F,2012-11-23,1735.0,1751.300048828125,1735.0,1751.300048828125,1751.300048828125,8.0
CL=F,2012-11-23,87.68000030517578,88.52999877929688,86.70999908447266,88.27999877929688,88.27999877929688,104944.0
^NYA,2012-11-26,8193.009765625,8197.669921875,8154.72021484375,8197.5703125,8197.5703125,2948960000.0
^IXIC,2012-11-26,2961.02001953125,2976.929931640625,2951.72998046875,2976.780029296875,2976.780029296875,1641710000.0
^FTSE,2012-11-26,5819.10009765625,5819.10009765625,5773.89990234375,5786.7001953125,5786.7001953125,601954400.0
^NSEI,2012-11-26,5648.64990234375,5649.2001953125,5623.4501953125,5635.89990234375,5635.89990234375,0.0
^BSESN,2012-11-26,18574.359375,18590.330078125,18508.7890625,18537.009765625,18537.009765625,5800.0
^N225,2012-11-26,9466.0595703125,9487.9404296875,9388.9404296875,9388.9404296875,9388.9404296875,151500000.0
000001.SS,2012-11-26,2023.3389892578125,2027.2740478515625,2014.029052734375,2017.4639892578125,2017.4639892578125,44800.0
^N100,2012-11-26,662.280029296875,663.989990234375,659.719970703125,661.0999755859375,661.0999755859375,144443400.0
^DJI,2012-11-26,13008.4501953125,13008.4501953125,12900.169921875,12967.3701171875,12967.3701171875,114360000.0
^GSPC,2012-11-26,1409.1500244140625,1409.1500244140625,1397.6800537109375,1406.2900390625,1406.2900390625,2948960000.0
GC=F,2012-11-26,1750.300048828125,1750.5,1749.4000244140625,1749.5,1749.5,24.0
CL=F,2012-11-26,88.20999908447266,88.29000091552734,87.2699966430664,87.73999786376953,87.73999786376953,156593.0
^NYA,2012-11-27,8187.4599609375,8210.4697265625,8146.43017578125,8150.77001953125,8150.77001953125,3323120000.0
^IXIC,2012-11-27,2974.56005859375,2985.320068359375,2965.1298828125,2967.7900390625,2967.7900390625,1763320000.0
^FTSE,2012-11-27,5786.7001953125,5823.2001953125,5786.7001953125,5799.7001953125,5799.7001953125,659091000.0
^NSEI,2012-11-27,5658.5,5733.2001953125,5658.0,5727.4501953125,5727.4501953125,0.0
^BSESN,2012-11-27,18616.55078125,18862.69921875,18616.55078125,18842.080078125,18842.080078125,7600.0
^N225,2012-11-27,9371.1298828125,9449.7197265625,9370.58984375,9423.2998046875,9423.2998046875,136700000.0
000001.SS,2012-11-27,2012.074951171875,2014.2099609375,1990.3360595703125,1991.1650390625,1991.1650390625,56600.0
^N100,2012-11-27,663.4500122070312,665.47998046875,660.22998046875,661.8699951171875,661.8699951171875,191138000.0
^DJI,2012-11-27,12963.3798828125,12980.1904296875,12868.259765625,12878.1298828125,12878.1298828125,117900000.0
^GSPC,2012-11-27,1406.2900390625,1409.010009765625,1398.030029296875,1398.93994140625,1398.93994140625,3323120000.0
GC=F,2012-11-27,1746.4000244140625,1746.4000244140625,1742.199951171875,1742.199951171875,1742.199951171875,7.0
CL=F,2012-11-27,87.81999969482422,88.25,86.83000183105469,87.18000030517578,87.18000030517578,210470.0
^NYA,2012-11-28,8113.7099609375,8208.4404296875,8074.25,8207.3603515625,8207.3603515625,3359250000.0
^IXIC,2012-11-28,2952.02001953125,2992.169921875,2935.8798828125,2991.780029296875,2991.780029296875,1725550000.0
^FTSE,2012-11-28,5799.7001953125,5808.2998046875,5755.2001953125,5803.2998046875,5803.2998046875,610194800.0
^N225,2012-11-28,9375.48046875,9407.6201171875,9308.349609375,9308.349609375,9308.349609375,118700000.0
000001.SS,2012-11-28,1984.47998046875,1984.863037109375,1968.2130126953125,1973.52294921875,1973.52294921875,50600.0
^N100,2012-11-28,659.72998046875,664.1699829101562,658.3800048828125,663.530029296875,663.530029296875,167922800.0
^DJI,2012-11-28,12875.5595703125,12989.099609375,12765.3203125,12985.1103515625,12985.1103515625,131000000.0
^GSPC,2012-11-28,1398.77001953125,1410.31005859375,1385.4300537109375,1409.9300537109375,1409.9300537109375,3359250000.0
GC=F,2012-11-28,1739.800048828125,1739.800048828125,1716.5,1716.5,1716.5,276136.0
CL=F,2012-11-28,87.33000183105469,87.33999633789062,85.36000061035156,86.48999786376953,86.48999786376953,249744.0
^NYA,2012-11-29,8236.8896484375,8269.23046875,8214.669921875,8256.0703125,8256.0703125,3356850000.0
^IXIC,2012-11-29,3005.409912109375,3017.179931640625,2996.300048828125,3012.030029296875,3012.030029296875,1758440000.0
^FTSE,2012-11-29,5803.2998046875,5884.0,5803.2998046875,5870.2998046875,5870.2998046875,652938200.0
^NSEI,2012-11-29,5736.7001953125,5833.5,5736.10009765625,5825.0,5825.0,0.0
^BSESN,2012-11-29,18873.630859375,19205.330078125,18873.630859375,19170.91015625,19170.91015625,11400.0
^N225,2012-11-29,9370.2900390625,9412.080078125,9350.400390625,9400.8798828125,9400.8798828125,113300000.0
000001.SS,2012-11-29,1972.925048828125,1980.5560302734373,1961.822021484375,1963.488037109375,1963.488037109375,49600.0
^N100,2012-11-29,666.8200073242188,671.6500244140625,665.8400268554688,671.4000244140625,671.4000244140625,204107600.0
^DJI,2012-11-29,12977.349609375,13062.5595703125,12961.919921875,13021.8203125,13021.8203125,113620000.0
^GSPC,2012-11-29,1409.9599609375,1419.699951171875,1409.0400390625,1415.949951171875,1415.949951171875,3356850000.0
GC=F,2012-11-29,1719.5999755859375,1729.0,1717.699951171875,1727.199951171875,1727.199951171875,65599.0
CL=F,2012-11-29,86.56999969482422,88.69000244140625,86.55000305175781,88.06999969482422,88.06999969482422,270030.0
^NYA,2012-11-30,8254.25,8273.419921875,8235.23046875,8260.4296875,8260.4296875,3966000000.0
^IXIC,2012-11-30,3013.25,3014.25,2999.719970703125,3010.239990234375,3010.239990234375,2194240000.0
^FTSE,2012-11-30,5870.2998046875,5904.39990234375,5860.2998046875,5866.7998046875,5866.7998046875,699163600.0
^NSEI,2012-11-30,5836.0,5885.25,5827.85009765625,5879.85009765625,5879.85009765625,0.0
^BSESN,2012-11-30,19229.69921875,19372.69921875,19186.30078125,19339.900390625,19339.900390625,11200.0
^N225,2012-11-30,9446.76953125,9492.91015625,9380.25,9446.009765625,9446.009765625,159800000.0
000001.SS,2012-11-30,1961.81494140625,1983.4189453125,1959.333984375,1980.116943359375,1980.116943359375,56800.0
^N100,2012-11-30,671.22998046875,674.9199829101562,670.2899780273438,670.2899780273438,670.2899780273438,206456800.0
^DJI,2012-11-30,13022.0498046875,13053.740234375,12988.6796875,13025.580078125,13025.580078125,171070000.0
^GSPC,2012-11-30,1415.949951171875,1418.8599853515625,1411.6300048828125,1416.1800537109375,1416.1800537109375,3966000000.0
GC=F,2012-11-30,1725.199951171875,1731.199951171875,1708.4000244140625,1710.9000244140625,1710.9000244140625,3690.0
CL=F,2012-11-30,87.66000366210938,88.98999786376953,87.47000122070312,88.91000366210938,88.91000366210938,216206.0
^NYA,2012-12-03,8260.4296875,8298.240234375,8219.0400390625,8223.5400390625,8223.5400390625,3074280000.0
^IXIC,2012-12-03,3029.2099609375,3030.280029296875,2999.570068359375,3002.199951171875,3002.199951171875,1667330000.0
^FTSE,2012-12-03,5866.7998046875,5902.0,5859.60009765625,5871.2001953125,5871.2001953125,512045500.0
^NSEI,2012-12-03,5878.25,5899.14990234375,5854.60009765625,5870.9501953125,5870.9501953125,0.0
^BSESN,2012-12-03,19342.830078125,19416.44921875,19257.30078125,19305.3203125,19305.3203125,7200.0
^N225,2012-12-03,9484.2001953125,9525.8203125,9453.48046875,9458.1796875,9458.1796875,110100000.0
000001.SS,2012-12-03,1977.2540283203125,1988.1910400390625,1957.884033203125,1959.7669677734373,1959.7669677734373,61600.0
^N100,2012-12-03,672.0499877929688,677.8300170898438,671.469970703125,672.0,672.0,155824200.0
^DJI,2012-12-03,13027.73046875,13087.3203125,12959.419921875,12965.599609375,12965.599609375,112900000.0
^GSPC,2012-12-03,1416.3399658203125,1423.72998046875,1408.4599609375,1409.4599609375,1409.4599609375,3074280000.0
GC=F,2012-12-03,1714.9000244140625,1721.9000244140625,1714.5,1719.5999755859375,1719.5999755859375,1238.0
CL=F,2012-12-03,88.8499984741211,90.33000183105467,88.66000366210938,89.08999633789062,89.08999633789062,235987.0
^NYA,2012-12-04,8224.66015625,8256.9599609375,8208.650390625,8223.8701171875,8223.8701171875,3247710000.0
^IXIC,2012-12-04,3000.43994140625,3002.89990234375,2980.929931640625,2996.68994140625,2996.68994140625,1781760000.0
^FTSE,2012-12-04,5871.2001953125,5885.39990234375,5852.89990234375,5869.0,5869.0,596025500.0
^NSEI,2012-12-04,5866.7998046875,5894.9501953125,5859.0,5889.25,5889.25,0.0
^BSESN,2012-12-04,19277.580078125,19373.939453125,19263.7109375,19348.119140625,19348.119140625,8200.0
^N225,2012-12-04,9419.150390625,9457.1904296875,9406.0302734375,9432.4599609375,9432.4599609375,104100000.0
000001.SS,2012-12-04,1956.615966796875,1980.1190185546875,1949.45703125,1975.1429443359373,1975.1429443359373,62400.0
^N100,2012-12-04,670.8800048828125,676.0700073242188,670.8699951171875,673.1500244140625,673.1500244140625,160265400.0
^DJI,2012-12-04,12966.4501953125,13022.509765625,12940.0703125,12951.7802734375,12951.7802734375,125290000.0
^GSPC,2012-12-04,1409.4599609375,1413.1400146484375,1403.6500244140625,1407.050048828125,1407.050048828125,3247710000.0
GC=F,2012-12-04,1716.300048828125,1716.800048828125,1691.5999755859375,1694.4000244140625,1694.4000244140625,1428.0
CL=F,2012-12-04,88.93000030517578,89.18000030517578,87.56999969482422,88.5,88.5,206265.0
^NYA,2012-12-05,8234.599609375,8292.3203125,8205.330078125,8264.7998046875,8264.7998046875,4253920000.0
^IXIC,2012-12-05,2993.199951171875,2994.72998046875,2958.260009765625,2973.699951171875,2973.699951171875,1800820000.0
^FTSE,2012-12-05,5869.0,5902.7001953125,5869.0,5892.10009765625,5892.10009765625,610548500.0
^NSEI,2012-12-05,5906.60009765625,5917.7998046875,5891.35009765625,5900.5,5900.5,0.0
^BSESN,2012-12-05,19397.98046875,19463.25,19371.009765625,19391.859375,19391.859375,9600.0
^N225,2012-12-05,9380.3701171875,9515.8603515625,9376.9697265625,9468.83984375,9468.83984375,115900000.0
000001.SS,2012-12-05,1973.1070556640625,2040.60400390625,1970.2020263671875,2031.906982421875,2031.906982421875,120000.0
^N100,2012-12-05,676.4099731445312,676.8800048828125,672.1900024414062,674.5900268554688,674.5900268554688,190071600.0
^DJI,2012-12-05,12948.9599609375,13089.1103515625,12923.4404296875,13034.490234375,13034.490234375,161230000.0
^GSPC,2012-12-05,1407.050048828125,1415.56005859375,1398.22998046875,1409.280029296875,1409.280029296875,4253920000.0
GC=F,2012-12-05,1697.0999755859375,1706.0,1685.0,1692.4000244140625,1692.4000244140625,1262.0
CL=F,2012-12-05,88.5,89.05000305175781,87.45999908447266,87.87999725341797,87.87999725341797,220850.0
^NYA,2012-12-06,8265.0595703125,8281.0302734375,8246.9296875,8280.9296875,8280.9296875,3229700000.0
^IXIC,2012-12-06,2967.989990234375,2996.530029296875,2962.02001953125,2989.27001953125,2989.27001953125,1713460000.0
^FTSE,2012-12-06,5892.10009765625,5923.89990234375,5889.7001953125,5901.39990234375,5901.39990234375,637068600.0
^NSEI,2012-12-06,5926.2998046875,5942.5498046875,5838.89990234375,5930.89990234375,5930.89990234375,0.0
^BSESN,2012-12-06,19475.08984375,19523.25,19186.240234375,19486.80078125,19486.80078125,10000.0
^N225,2012-12-06,9535.6904296875,9565.4296875,9503.3095703125,9545.16015625,9545.16015625,123100000.0
000001.SS,2012-12-06,2029.56201171875,2036.6090087890625,2018.3790283203125,2029.237060546875,2029.237060546875,81400.0
^N100,2012-12-06,676.2899780273438,679.4500122070312,674.5499877929688,676.8699951171875,676.8699951171875,235165800.0
^DJI,2012-12-06,13026.1904296875,13076.8798828125,13007.83984375,13074.0400390625,13074.0400390625,116850000.0
^GSPC,2012-12-06,1409.4300537109375,1413.949951171875,1405.9300537109375,1413.93994140625,1413.93994140625,3229700000.0
GC=F,2012-12-06,1694.300048828125,1702.0999755859375,1686.4000244140625,1700.300048828125,1700.300048828125,525.0
CL=F,2012-12-06,87.87000274658203,88.2300033569336,85.68000030517578,86.26000213623047,86.26000213623047,269293.0
^NYA,2012-12-07,8294.599609375,8314.349609375,8271.259765625,8314.2998046875,8314.2998046875,3125160000.0
^IXIC,2012-12-07,2999.68994140625,3003.27001953125,2968.820068359375,2978.0400390625,2978.0400390625,1613570000.0
^FTSE,2012-12-07,5901.39990234375,5923.10009765625,5889.89990234375,5914.39990234375,5914.39990234375,584102500.0
^NSEI,2012-12-07,5934.0,5949.85009765625,5888.64990234375,5907.39990234375,5907.39990234375,0.0
^BSESN,2012-12-07,19514.880859375,19561.869140625,19363.130859375,19424.099609375,19424.099609375,9000.0
^N225,2012-12-07,9547.1396484375,9572.75,9522.1298828125,9527.3896484375,9527.3896484375,133800000.0
000001.SS,2012-12-07,2028.7659912109373,2065.743896484375,2023.9610595703125,2061.785888671875,2061.785888671875,115200.0
^N100,2012-12-07,677.52001953125,680.6900024414062,675.719970703125,678.6900024414062,678.6900024414062,174957200.0
^DJI,2012-12-07,13072.8701171875,13157.2802734375,13072.8701171875,13155.1298828125,13155.1298828125,124130000.0
^GSPC,2012-12-07,1413.949951171875,1420.3399658203125,1410.9000244140625,1418.0699462890625,1418.0699462890625,3125160000.0
GC=F,2012-12-07,1701.199951171875,1704.5,1684.0,1704.0,1704.0,169.0
CL=F,2012-12-07,86.38999938964844,86.91999816894531,85.7699966430664,85.93000030517578,85.93000030517578,244993.0
^NYA,2012-12-10,8311.0498046875,8330.509765625,8306.330078125,8322.6796875,8322.6796875,2999430000.0
^IXIC,2012-12-10,2973.18994140625,2997.639892578125,2971.56005859375,2986.9599609375,2986.9599609375,1528430000.0
^FTSE,2012-12-10,5914.39990234375,5924.0,5891.2998046875,5921.60009765625,5921.60009765625,463904100.0
^NSEI,2012-12-10,5916.0498046875,5919.9501953125,5888.10009765625,5908.89990234375,5908.89990234375,0.0
^BSESN,2012-12-10,19442.189453125,19478.009765625,19362.3203125,19409.689453125,19409.689453125,6800.0
^N225,2012-12-10,9584.4599609375,9584.4599609375,9517.400390625,9533.75,9533.75,115200000.0
000001.SS,2012-12-10,2067.323974609375,2087.007080078125,2064.614990234375,2083.77001953125,2083.77001953125,115400.0
^N100,2012-12-10,676.7899780273438,679.9600219726562,674.260009765625,679.75,679.75,154314400.0
^DJI,2012-12-10,13154.8896484375,13195.349609375,13139.080078125,13169.8798828125,13169.8798828125,118530000.0
^GSPC,2012-12-10,1418.0699462890625,1421.6400146484375,1415.6400146484375,1418.550048828125,1418.550048828125,2999430000.0
GC=F,2012-12-10,1704.199951171875,1717.0,1704.199951171875,1713.0,1713.0,88.0
CL=F,2012-12-10,85.9800033569336,86.77999877929688,85.33000183105469,85.55999755859375,85.55999755859375,211603.0
^NYA,2012-12-11,8342.7197265625,8392.0703125,8342.7197265625,8366.4697265625,8366.4697265625,3650230000.0
^IXIC,2012-12-11,3005.429931640625,3033.139892578125,3003.820068359375,3022.300048828125,3022.300048828125,1921860000.0
^FTSE,2012-12-11,5921.60009765625,5937.89990234375,5908.2998046875,5925.0,5925.0,514655800.0
^NSEI,2012-12-11,5923.7998046875,5965.14990234375,5865.4501953125,5898.7998046875,5898.7998046875,0.0
^BSESN,2012-12-11,19466.2890625,19612.1796875,19285.2890625,19387.140625,19387.140625,7600.0
^N225,2012-12-11,9510.599609375,9534.1796875,9487.9501953125,9525.3203125,9525.3203125,97200000.0
000001.SS,2012-12-11,2077.556884765625,2088.635009765625,2070.19189453125,2074.7041015625,2074.7041015625,93400.0
^N100,2012-12-11,680.219970703125,685.0800170898438,678.9600219726562,684.530029296875,684.530029296875,192179800.0
^DJI,2012-12-11,13170.33984375,13306.5703125,13170.33984375,13248.4404296875,13248.4404296875,124510000.0
^GSPC,2012-12-11,1418.550048828125,1434.27001953125,1418.550048828125,1427.8399658203125,1427.8399658203125,3650230000.0
GC=F,2012-12-11,1710.0,1714.0999755859375,1705.9000244140625,1708.199951171875,1708.199951171875,88.0
CL=F,2012-12-11,85.69999694824219,86.37000274658203,85.20999908447266,85.79000091552734,85.79000091552734,217859.0
^NYA,2012-12-12,8388.259765625,8433.5595703125,8373.2001953125,8380.8798828125,8380.8798828125,3709050000.0
^IXIC,2012-12-12,3033.929931640625,3035.18994140625,3008.489990234375,3013.81005859375,3013.81005859375,1756220000.0
^FTSE,2012-12-12,5925.0,5948.5,5915.89990234375,5945.89990234375,5945.89990234375,629912400.0
^NSEI,2012-12-12,5917.7998046875,5924.60009765625,5874.25,5888.0,5888.0,0.0
^BSESN,2012-12-12,19432.5390625,19478.7890625,19317.23046875,19355.259765625,19355.259765625,7600.0
^N225,2012-12-12,9606.25,9606.25,9565.9501953125,9581.4599609375,9581.4599609375,129400000.0
000001.SS,2012-12-12,2073.27099609375,2085.93408203125,2066.39111328125,2082.72607421875,2082.72607421875,78600.0
^N100,2012-12-12,684.1900024414062,684.4299926757812,682.2899780273438,683.6799926757812,683.6799926757812,168445200.0
^DJI,2012-12-12,13250.0498046875,13329.4404296875,13227.4404296875,13245.4501953125,13245.4501953125,127510000.0
^GSPC,2012-12-12,1427.8399658203125,1438.5899658203125,1426.760009765625,1428.47998046875,1428.47998046875,3709050000.0
GC=F,2012-12-12,1710.0999755859375,1722.300048828125,1708.0,1716.5999755859375,1716.5999755859375,195.0
CL=F,2012-12-12,85.69000244140625,87.68000030517578,85.68000030517578,86.7699966430664,86.7699966430664,300353.0
^NYA,2012-12-13,8377.8701171875,8393.9599609375,8321.669921875,8338.3203125,8338.3203125,3349960000.0
^IXIC,2012-12-13,3007.830078125,3026.510009765625,2982.6298828125,2992.159912109375,2992.159912109375,1833990000.0
^FTSE,2012-12-13,5945.89990234375,5947.89990234375,5918.60009765625,5929.60009765625,5929.60009765625,557270400.0
^NSEI,2012-12-13,5900.35009765625,5907.4501953125,5841.35009765625,5851.5,5851.5,0.0
^BSESN,2012-12-13,19403.66015625,19421.720703125,19196.75,19229.259765625,19229.259765625,9400.0
^N225,2012-12-13,9681.2001953125,9767.0498046875,9672.4697265625,9742.73046875,9742.73046875,212000000.0
000001.SS,2012-12-13,2077.4169921875,2081.363037109375,2059.471923828125,2061.47607421875,2061.47607421875,72200.0
^N100,2012-12-13,684.6500244140625,685.3200073242188,681.0599975585938,682.72998046875,682.72998046875,181571200.0
^DJI,2012-12-13,13241.3798828125,13264.41015625,13147.1904296875,13170.7197265625,13170.7197265625,101190000.0
^GSPC,2012-12-13,1428.47998046875,1431.3599853515625,1416.0,1419.449951171875,1419.449951171875,3349960000.0
GC=F,2012-12-13,1707.199951171875,1707.199951171875,1689.9000244140625,1695.5999755859375,1695.5999755859375,240.0
CL=F,2012-12-13,86.7699966430664,86.97000122070312,85.80999755859375,85.88999938964844,85.88999938964844,228417.0
^NYA,2012-12-14,8331.0,8355.2802734375,8327.0400390625,8333.75,8333.75,3210170000.0
^IXIC,2012-12-14,2976.949951171875,2985.330078125,2963.800048828125,2971.330078125,2971.330078125,1786980000.0
^FTSE,2012-12-14,5929.60009765625,5944.5,5915.2998046875,5921.7998046875,5921.7998046875,529958300.0
^NSEI,2012-12-14,5846.89990234375,5886.10009765625,5839.14990234375,5879.60009765625,5879.60009765625,0.0
^BSESN,2012-12-14,19217.9609375,19348.849609375,19193.109375,19317.25,19317.25,11400.0
^N225,2012-12-14,9703.5595703125,9775.75,9687.7001953125,9737.5595703125,9737.5595703125,247400000.0
000001.SS,2012-12-14,2062.68896484375,2152.49609375,2062.5419921875,2150.625,2150.625,160800.0
^N100,2012-12-14,682.9199829101562,684.5700073242188,681.52001953125,682.8599853515625,682.8599853515625,161922800.0
^DJI,2012-12-14,13170.7998046875,13190.41015625,13118.4599609375,13135.009765625,13135.009765625,117620000.0
^GSPC,2012-12-14,1419.449951171875,1419.449951171875,1411.8800048828125,1413.5799560546875,1413.5799560546875,3210170000.0
GC=F,2012-12-14,1698.300048828125,1699.199951171875,1694.4000244140625,1695.800048828125,1695.800048828125,72.0
CL=F,2012-12-14,86.12999725341797,86.91999816894531,86.05000305175781,86.7300033569336,86.7300033569336,218265.0
^NYA,2012-12-17,8346.6201171875,8408.240234375,8346.6201171875,8407.009765625,8407.009765625,3455610000.0
^IXIC,2012-12-17,2975.5,3011.219970703125,2973.5400390625,3010.60009765625,3010.60009765625,1911420000.0
^FTSE,2012-12-17,5921.7998046875,5923.89990234375,5881.0,5912.2001953125,5912.2001953125,533505800.0
^NSEI,2012-12-17,5860.5,5886.0498046875,5850.14990234375,5857.89990234375,5857.89990234375,0.0
^BSESN,2012-12-17,19290.919921875,19346.779296875,19221.869140625,19244.419921875,19244.419921875,12800.0
^N225,2012-12-17,9895.6796875,9903.349609375,9826.2998046875,9828.8798828125,9828.8798828125,213600000.0
000001.SS,2012-12-17,2152.096923828125,2169.570068359375,2151.93603515625,2160.342041015625,2160.342041015625,144200.0
^N100,2012-12-17,681.719970703125,682.6300048828125,678.1599731445312,681.0499877929688,681.0499877929688,186938200.0
^DJI,2012-12-17,13135.169921875,13244.330078125,13134.6298828125,13235.3896484375,13235.3896484375,142980000.0
^GSPC,2012-12-17,1413.5400390625,1430.6700439453125,1413.5400390625,1430.3599853515625,1430.3599853515625,3455610000.0
GC=F,2012-12-17,1690.5,1698.5,1689.5,1697.0,1697.0,65.0
CL=F,2012-12-17,86.87999725341797,87.70999908447266,86.4800033569336,87.19999694824219,87.19999694824219,157226.0
^NYA,2012-12-18,8421.080078125,8502.4599609375,8416.0703125,8499.349609375,8499.349609375,4302240000.0
^IXIC,2012-12-18,3020.820068359375,3056.64990234375,3016.39990234375,3054.530029296875,3054.530029296875,2022130000.0
^FTSE,2012-12-18,5912.2001953125,5946.39990234375,5911.10009765625,5935.89990234375,5935.89990234375,664063300.0
^NSEI,2012-12-18,5873.60009765625,5905.7998046875,5823.14990234375,5896.7998046875,5896.7998046875,0.0
^BSESN,2012-12-18,19293.009765625,19396.279296875,19149.029296875,19364.75,19364.75,14000.0
^N225,2012-12-18,9848.8701171875,9967.240234375,9848.8701171875,9923.009765625,9923.009765625,260300000.0
000001.SS,2012-12-18,2155.85791015625,2183.712890625,2144.73291015625,2162.464111328125,2162.464111328125,126000.0
^N100,2012-12-18,682.9400024414062,684.2000122070312,680.8400268554688,683.1300048828125,683.1300048828125,223238800.0
^DJI,2012-12-18,13236.6103515625,13365.8603515625,13232.580078125,13350.9599609375,13350.9599609375,152920000.0
^GSPC,2012-12-18,1430.469970703125,1448.0,1430.469970703125,1446.7900390625,1446.7900390625,4302240000.0
GC=F,2012-12-18,1701.4000244140625,1702.800048828125,1661.0,1669.5,1669.5,501.0
CL=F,2012-12-18,87.44999694824219,88.16000366210938,87.20999908447266,87.93000030517578,87.93000030517578,93130.0
^NYA,2012-12-19,8499.349609375,8519.1396484375,8463.7998046875,8463.8203125,8463.8203125,3869800000.0
^IXIC,2012-12-19,3059.030029296875,3061.820068359375,3044.360107421875,3044.360107421875,3044.360107421875,1933270000.0
^FTSE,2012-12-19,5935.89990234375,5977.7998046875,5935.89990234375,5961.60009765625,5961.60009765625,743375800.0
^NSEI,2012-12-19,5917.2998046875,5939.39990234375,5910.7998046875,5929.60009765625,5929.60009765625,0.0
^BSESN,2012-12-19,19429.91015625,19516.01953125,19419.759765625,19476.0,19476.0,9800.0
^N225,2012-12-19,10025.400390625,10160.400390625,10016.98046875,10160.400390625,10160.400390625,277500000.0
000001.SS,2012-12-19,2158.669921875,2175.39501953125,2154.287109375,2162.239013671875,2162.239013671875,94400.0
^N100,2012-12-19,685.510009765625,688.1599731445312,684.239990234375,686.7899780273438,686.7899780273438,198454400.0
^DJI,2012-12-19,13351.0400390625,13357.7001953125,13251.740234375,13251.9697265625,13251.9697265625,149020000.0
^GSPC,2012-12-19,1446.7900390625,1447.75,1435.800048828125,1435.81005859375,1435.81005859375,3869800000.0
GC=F,2012-12-19,1675.300048828125,1676.0,1664.5999755859375,1666.5,1666.5,76.0
CL=F,2012-12-19,87.94000244140625,89.9000015258789,87.80999755859375,89.51000213623047,89.51000213623047,233083.0
^NYA,2012-12-20,8463.8203125,8516.4501953125,8457.3095703125,8516.4296875,8516.4296875,3686580000.0
^IXIC,2012-12-20,3050.300048828125,3053.530029296875,3034.14990234375,3050.389892578125,3050.389892578125,1691190000.0
^FTSE,2012-12-20,5961.60009765625,5970.89990234375,5950.10009765625,5958.2998046875,5958.2998046875,596569500.0
^NSEI,2012-12-20,5934.4501953125,5937.60009765625,5881.4501953125,5916.39990234375,5916.39990234375,0.0
^BSESN,2012-12-20,19511.41015625,19520.509765625,19335.720703125,19453.919921875,19453.919921875,10400.0
^N225,2012-12-20,10093.1103515625,10147.6796875,10028.650390625,10039.330078125,10039.330078125,274800000.0
000001.SS,2012-12-20,2156.193115234375,2174.819091796875,2142.950927734375,2168.35302734375,2168.35302734375,99400.0
^N100,2012-12-20,684.6400146484375,688.27001953125,684.6400146484375,687.0,687.0,180369200.0
^DJI,2012-12-20,13246.669921875,13314.6396484375,13216.0302734375,13311.7197265625,13311.7197265625,119800000.0
^GSPC,2012-12-20,1435.81005859375,1443.699951171875,1432.8199462890625,1443.68994140625,1443.68994140625,3686580000.0
GC=F,2012-12-20,1667.9000244140625,1671.0,1637.5999755859375,1644.9000244140625,1644.9000244140625,158.0
CL=F,2012-12-20,89.69000244140625,90.54000091552734,89.26000213623047,90.12999725341795,90.12999725341795,178144.0
^NYA,2012-12-21,8442.349609375,8457.599609375,8402.7099609375,8443.150390625,8443.150390625,5229160000.0
^IXIC,2012-12-21,2998.60009765625,3022.18994140625,2995.1298828125,3021.010009765625,3021.010009765625,2843090000.0
^FTSE,2012-12-21,5958.2998046875,5958.2998046875,5894.10009765625,5940.0,5940.0,933059900.0
^NSEI,2012-12-21,5888.0,5888.0,5841.64990234375,5847.7001953125,5847.7001953125,0.0
^BSESN,2012-12-21,19394.55078125,19394.55078125,19221.119140625,19242.0,19242.0,9200.0
^N225,2012-12-21,10145.580078125,10175.0595703125,9924.419921875,9940.0595703125,9940.0595703125,256500000.0
000001.SS,2012-12-21,2169.570068359375,2190.39794921875,2148.169921875,2153.31005859375,2153.31005859375,103400.0
^N100,2012-12-21,683.72998046875,685.97998046875,681.0599975585938,684.3400268554688,684.3400268554688,293575600.0
^DJI,2012-12-21,13309.9501953125,13309.9501953125,13122.5302734375,13190.83984375,13190.83984375,413270000.0
^GSPC,2012-12-21,1443.6700439453125,1443.6700439453125,1422.5799560546875,1430.1500244140625,1430.1500244140625,5229160000.0
GC=F,2012-12-21,1648.0,1659.0999755859375,1635.800048828125,1659.0999755859375,1659.0999755859375,78.0
CL=F,2012-12-21,90.0199966430664,90.06999969482422,87.95999908447266,88.66000366210938,88.66000366210938,180375.0
^NYA,2012-12-24,8427.6201171875,8427.990234375,8409.080078125,8420.5498046875,8420.5498046875,1248960000.0
^IXIC,2012-12-24,3013.889892578125,3016.179931640625,3008.530029296875,3012.60009765625,3012.60009765625,614230000.0
^FTSE,2012-12-24,5940.0,5957.7001953125,5937.10009765625,5954.2001953125,5954.2001953125,149881300.0
^NSEI,2012-12-24,5869.0,5871.89990234375,5844.7001953125,5855.75,5855.75,0.0
^BSESN,2012-12-24,19278.0,19347.640625,19237.259765625,19255.08984375,19255.08984375,7400.0
000001.SS,2012-12-24,2150.654052734375,2170.39404296875,2149.823974609375,2159.052978515625,2159.052978515625,78400.0
^DJI,2012-12-24,13190.150390625,13190.3798828125,13128.5498046875,13138.9296875,13138.9296875,47710000.0
^GSPC,2012-12-24,1430.1500244140625,1430.1500244140625,1424.6600341796875,1426.6600341796875,1426.6600341796875,1248960000.0
GC=F,2012-12-24,1657.699951171875,1663.800048828125,1654.9000244140625,1658.5999755859375,1658.5999755859375,73.0
CL=F,2012-12-24,88.5999984741211,88.86000061035156,88.19999694824219,88.61000061035156,88.61000061035156,48516.0
^N225,2012-12-25,10092.349609375,10119.349609375,10030.4404296875,10080.1201171875,10080.1201171875,141700000.0
000001.SS,2012-12-25,2154.320068359375,2220.262939453125,2146.862060546875,2213.611083984375,2213.611083984375,143400.0
^NYA,2012-12-26,8431.2197265625,8443.3203125,8383.66015625,8395.490234375,8395.490234375,2285030000.0
^IXIC,2012-12-26,3013.1298828125,3018.64990234375,2983.35009765625,2990.159912109375,2990.159912109375,1059190000.0
^NSEI,2012-12-26,5864.9501953125,5917.2998046875,5859.5498046875,5905.60009765625,5905.60009765625,0.0
^BSESN,2012-12-26,19302.470703125,19468.400390625,19274.0703125,19417.4609375,19417.4609375,5800.0
^N225,2012-12-26,10131.2197265625,10230.3603515625,10107.33984375,10230.3603515625,10230.3603515625,182100000.0
000001.SS,2012-12-26,2211.593994140625,2220.47509765625,2206.787109375,2219.132080078125,2219.132080078125,121800.0
^DJI,2012-12-26,13138.849609375,13174.8798828125,13076.8701171875,13114.58984375,13114.58984375,79410000.0
^GSPC,2012-12-26,1426.6600341796875,1429.4200439453125,1416.4300537109375,1419.8299560546875,1419.8299560546875,2285030000.0
GC=F,2012-12-26,1654.5,1666.699951171875,1654.5,1659.800048828125,1659.800048828125,73.0
CL=F,2012-12-26,88.62000274658203,91.3000030517578,88.58999633789062,90.9800033569336,90.9800033569336,141598.0
^NYA,2012-12-27,8407.080078125,8426.9501953125,8317.51953125,8399.830078125,8399.830078125,2830180000.0
^IXIC,2012-12-27,2989.8701171875,2993.659912109375,2951.0400390625,2985.909912109375,2985.909912109375,1342790000.0
^FTSE,2012-12-27,5954.2001953125,5997.0,5942.39990234375,5954.2998046875,5954.2998046875,340703400.0
^NSEI,2012-12-27,5930.2001953125,5930.7998046875,5864.7001953125,5870.10009765625,5870.10009765625,0.0
^BSESN,2012-12-27,19479.83984375,19504.400390625,19302.2109375,19323.80078125,19323.80078125,7600.0
^N225,2012-12-27,10295.259765625,10376.3896484375,10288.849609375,10322.98046875,10322.98046875,235200000.0
000001.SS,2012-12-27,2223.655029296875,2234.72412109375,2204.7900390625,2205.89697265625,2205.89697265625,129000.0
^N100,2012-12-27,682.4600219726562,687.22998046875,682.4600219726562,685.510009765625,685.510009765625,110892000.0
^DJI,2012-12-27,13114.9697265625,13141.740234375,12964.080078125,13096.3095703125,13096.3095703125,100160000.0
^GSPC,2012-12-27,1419.8299560546875,1422.800048828125,1401.800048828125,1418.0999755859375,1418.0999755859375,2830180000.0
GC=F,2012-12-27,1656.199951171875,1662.5999755859375,1656.199951171875,1662.5999755859375,1662.5999755859375,446.0
CL=F,2012-12-27,91.0,91.44000244140624,90.05000305175781,90.87000274658205,90.87000274658205,152771.0
^NYA,2012-12-28,8359.3095703125,8380.7001953125,8311.26953125,8316.16015625,8316.16015625,2426680000.0
^IXIC,2012-12-28,2965.1201171875,2985.469970703125,2959.3701171875,2960.31005859375,2960.31005859375,1143530000.0
^FTSE,2012-12-28,5954.2998046875,5976.0,5915.2998046875,5925.39990234375,5925.39990234375,306906200.0
^NSEI,2012-12-28,5887.14990234375,5915.75,5879.5,5908.35009765625,5908.35009765625,0.0
^BSESN,2012-12-28,19364.080078125,19465.740234375,19346.0703125,19444.83984375,19444.83984375,6600.0
^N225,2012-12-28,10406.3603515625,10433.6298828125,10374.849609375,10395.1796875,10395.1796875,202800000.0
000001.SS,2012-12-28,2207.9130859375,2234.868896484375,2204.0029296875,2233.251953125,2233.251953125,116000.0
^N100,2012-12-28,686.510009765625,686.8400268554688,677.9600219726562,677.9600219726562,677.9600219726562,98273200.0
^DJI,2012-12-28,13095.080078125,13095.4599609375,12926.8603515625,12938.1103515625,12938.1103515625,85980000.0
^GSPC,2012-12-28,1418.0999755859375,1418.0999755859375,1401.5799560546875,1402.4300537109375,1402.4300537109375,2426680000.0
GC=F,2012-12-28,1664.0,1664.0,1653.699951171875,1654.9000244140625,1654.9000244140625,197.0
CL=F,2012-12-28,91.1500015258789,91.48999786376952,90.31999969482422,90.8000030517578,90.8000030517578,131374.0
^NYA,2012-12-31,8302.080078125,8447.2998046875,8298.3603515625,8443.509765625,8443.509765625,3204330000.0
^IXIC,2012-12-31,2955.449951171875,3021.409912109375,2953.52001953125,3019.510009765625,3019.510009765625,1557230000.0
^FTSE,2012-12-31,5925.39990234375,5925.39990234375,5873.39990234375,5897.7998046875,5897.7998046875,164636500.0
^NSEI,2012-12-31,5901.2001953125,5919.0,5897.14990234375,5905.10009765625,5905.10009765625,0.0
^BSESN,2012-12-31,19422.58984375,19491.580078125,19406.169921875,19426.7109375,19426.7109375,4800.0
000001.SS,2012-12-31,2236.4609375,2269.511962890625,2236.4609375,2269.1279296875,2269.1279296875,128000.0
^DJI,2012-12-31,12938.1904296875,13109.1298828125,12883.8896484375,13104.1396484375,13104.1396484375,145740000.0
^GSPC,2012-12-31,1402.4300537109375,1426.739990234375,1398.1099853515625,1426.18994140625,1426.18994140625,3204330000.0
GC=F,2012-12-31,1655.4000244140625,1677.0999755859375,1655.4000244140625,1674.800048828125,1674.800048828125,89.0
CL=F,2012-12-31,90.41000366210938,91.98999786376952,90.0,91.81999969482422,91.81999969482422,119525.0
